9.653289 -9.292185 0.784962 -7.091255 -6.434064 -7.448327 -4.021405 2.791701 8.157158 -7.027860 3.233355 -4.399906 -6.237087 3.609216 9.879669 -8.425169 3.770973 -5.814471 -7.467985 5.390480 -8.013740 -3.201783 -1.689922 -5.171992 1.492930 -8.737831 6.128281 -3.628693 1.132623 -4.124896 -9.839050 -9.349715 -7.780449 9.366518 6.826983 0.209625 -0.680990 3.171878 -1.439595 0.023133 -9.435463 -7.332442 -2.431204 -1.673958 9.784794 6.828133 -7.573325 -5.149614 -0.957411 4.794805 1.732218 0.218721 -7.740196 -9.894373 -6.808408 -9.244441 -9.984550 -8.552295 -5.873431 5.844864 6.780091 -7.618538 4.331671 9.295234 6.551976 -2.054160 1.815125 -5.305271 9.066672 5.876400 -2.898052 1.168015 -5.378562 -5.470374 2.742863 -2.751917 9.335141 -8.704307 -4.469194 8.993726 0.591424 2.979520 9.274039 8.951678 -1.776524 9.826070 8.594299 -2.059276 -3.650013 5.324427 8.829946 9.590190 3.829715 -7.056124 -3.104233 3.710159 -8.681302 1.308715 0.491182 4.009884
-5.079925 9.893372 -2.986390 3.236072 -3.326798 5.399753 -6.213905 -8.699637 -0.523967 1.956784 -7.785063 -5.749811 3.756692 5.921114 -4.532301 -8.898751 -9.720032 6.856398 -4.359774 4.188651 0.447618 -9.050894 -4.697544 -2.322547 -5.505450 -2.354703 7.783878 -7.351492 -6.708616 -1.058176 -3.619652 6.079569 9.193295 1.085602 1.701722 -9.510881 -0.673759 -6.406255 5.441650 6.739227 -9.046274 4.467775 -2.824421 9.736364 -0.917846 -3.875729 4.225367 -9.896971 4.466742 2.590421 4.003873 5.170339 -1.453468 -7.691178 2.470073 1.489762 -5.466615 5.711885 -9.167647 6.214063 -0.831362 8.799919 3.904449 -5.306637 1.007477 -9.777205 -1.285975 -1.274998 2.875655 -2.703463 -5.852952 5.685344 2.697702 6.945173 -2.661851 -6.048072 -4.694284 3.424406 -5.961175 -2.312060 -7.725452 -9.618320 -1.736616 1.237910 -5.596973 0.671111 9.490146 2.507016 -7.204218 9.380275 4.933287 9.192019 1.162982 2.371284 8.562660 -1.783322 8.883929 4.962470 -6.555497 7.956418
-2.363788 1.885695 6.122073 -6.410502 -3.396684 -1.770501 -4.919364 6.132495 2.002809 7.477148 -3.423483 0.496101 -6.925066 3.093320 -9.847704 0.662922 9.620519 3.639644 -5.694029 4.226476 0.042331 -6.911367 -5.989768 0.882984 -0.227247 -8.672967 -9.472167 8.908920 2.395542 7.322410 4.028810 -6.421748 -4.533227 -3.284294 7.092181 -4.006480 4.453673 -8.164128 -8.532379 7.913993 5.371677 4.423887 -1.208994 -5.538843 -8.922730 -9.684207 -0.255412 5.164127 -3.020715 -9.409554 6.354741 1.108087 -2.740826 0.577851 0.434229 -3.716731 7.945339 -5.380798 -0.178817 2.708298 5.640130 -4.285706 -3.236196 -5.330571 1.751305 -7.507936 3.617964 3.432997 -5.581255 -7.896240 -3.616544 -0.673809 8.454159 8.140615 9.111627 8.799752 -5.703035 -5.997210 -5.497727 -4.903301 -3.268061 0.273937 -2.916265 2.106906 -6.037414 7.351019 -0.810608 -9.297145 -7.805369 -8.021697 -5.389067 -4.674794 2.848321 -1.635671 9.048913 9.496385 -4.033838 7.554626 -1.626899 4.497521
3.203640 -5.767907 4.670332 -3.198178 5.014636 -8.542343 -7.193026 8.817379 5.400430 -5.367967 -4.463436 3.073176 2.369683 -2.223455 0.539555 -8.255411 -2.163577 -8.346890 -3.923279 3.446813 2.649934 2.170067 3.386204 -9.945765 9.094836 2.217788 7.429440 2.421937 -0.995316 4.313723 7.153749 -8.894037 -5.035917 7.149181 -6.810550 -4.540223 -2.468390 4.278392 -9.097390 7.195740 -5.883328 7.345274 0.925410 -7.308690 9.164852 0.851564 9.447908 7.258546 7.538085 -3.460022 6.724601 1.944464 9.258683 4.608978 -6.664736 4.159552 -0.633341 -5.642890 -3.518408 -5.050979 -6.628580 -7.476578 -8.449741 -7.117922 2.545041 -6.967265 7.720338 4.713348 3.712771 2.343963 9.097632 -6.874175 2.769241 -4.500721 9.277286 -5.835048 -9.790071 -0.690798 1.744754 -4.884170 6.418322 6.698978 6.654115 -9.462350 0.173347 -5.610114 3.434588 2.392464 -7.533410 3.024733 1.769979 -7.998983 5.444996 1.441135 -2.339216 -8.450218 7.320083 -6.479809 -9.250932 -9.044007
-5.083934 -9.868489 8.257819 3.237252 1.225567 0.930627 -6.454488 3.067956 -7.533119 8.132350 2.884302 -0.972954 -3.474779 -8.010422 -4.272791 5.224119 0.492901 -3.705419 9.298318 -0.246031 -5.740623 -7.189232 8.163183 6.010355 9.391327 -7.689147 -3.462659 7.627652 -0.946280 5.831646 -8.047703 9.812385 1.900574 -6.741050 -5.610599 5.909335 -2.912308 -2.053277 1.577320 -2.504284 -4.520903 -3.047915 8.638745 -2.895751 -6.540448 -5.205464 -6.462677 8.161490 8.766753 -5.553071 4.062704 7.013120 -5.416364 1.756901 9.311140 6.724072 -9.020516 -0.124323 -4.348215 -3.428450 0.060900 7.765607 5.922759 6.464993 6.844601 -4.488418 -2.900011 0.442978 1.804682 7.943870 -7.257415 -1.546931 -9.975564 2.710226 2.403603 1.775610 6.778338 1.258726 1.904734 -0.875331 2.165734 4.252024 6.306905 -6.975763 -5.782595 -8.044055 7.692584 -1.740701 -4.242858 -8.341082 -2.348473 -7.183918 -6.776751 0.976415 -7.974247 -1.351257 6.671629 4.281260 -9.857217 6.364686
-4.036518 -3.906950 -7.171204 -2.676274 -7.424991 2.207594 -5.865217 -6.315902 8.389130 -5.742875 0.753600 6.568850 -5.118489 0.895565 -6.895092 6.713770 2.504634 -9.079928 -9.541087 6.999206 8.680684 6.089706 -1.484996 -0.550043 -1.151344 3.966329 -7.738839 8.095682 -8.942959 1.754966 -5.082893 2.295816 -2.689117 -7.881612 -3.528768 1.269894 3.627035 1.265560 -0.039281 0.272733 -1.417884 7.328933 -6.929425 -2.458039 8.043452 -7.852043 -2.772628 4.440587 -5.384337 -9.748694 -6.471630 -4.803599 2.595981 -9.797937 -6.204926 8.122004 -2.630764 2.778754 5.856530 4.491629 6.542104 -8.196835 5.395688 -2.255215 8.164558 0.229563 5.146269 7.917641 -0.315174 7.329778 -6.510623 1.142961 -2.282592 -9.761819 8.239165 2.122677 -0.371805 -9.870772 9.124151 -9.045760 6.060275 -5.544687 9.021949 -1.694801 -8.611923 6.837686 -4.550760 4.155080 -6.171160 -5.712823 8.671714 -4.457708 3.136738 5.711366 0.310753 3.089262 -7.022305 -2.996909 7.742133 8.351045
-9.508070 1.115661 -3.733687 -0.420845 7.510861 -5.069691 -4.528090 0.064398 4.412153 -3.599719 -4.450716 -9.497111 -8.960897 -2.782471 -7.565506 2.532102 -3.067649 -9.245695 -8.403426 -1.220226 -8.719211 4.940024 9.769629 3.768398 -8.411747 5.588907 -8.146891 -4.578136 0.832841 -9.433374 6.968430 -4.420920 5.576619 -6.199208 -3.681601 -8.206569 -8.418788 1.142643 0.216804 -0.145277 -7.490650 7.154838 -6.403077 2.578836 -7.954306 -3.872884 -0.941070 -4.075657 6.421753 -5.333410 7.191053 -2.510771 -2.982678 0.342003 -1.122713 1.396896 0.112274 -6.846657 -6.702600 7.596120 7.662168 5.228559 -1.366276 -0.838974 -5.541728 -6.290677 1.570632 2.473281 3.945758 -4.328397 -4.231005 4.200446 -7.129870 -7.054289 1.082363 5.242551 6.511562 8.431089 -3.655066 1.015844 3.528269 8.632902 -1.946317 8.740523 6.016192 3.092867 5.819220 3.754313 1.113708 3.711887 -4.893834 -0.421385 9.014380 -0.762618 -2.561595 1.270356 -7.731944 -3.890127 -8.008978 1.022847
-2.720389 -9.167227 -8.426867 4.959253 -2.418216 1.781677 -2.594064 -0.658894 3.479117 -4.192822 5.170743 0.655239 9.205261 -4.054685 -0.261680 -5.360539 -7.901770 -5.107395 -9.207554 -4.304831 -4.240601 6.764128 -7.984538 7.227563 -1.362423 -7.743979 7.914117 2.540647 8.691006 8.151650 1.320127 2.429093 -2.461895 7.816568 4.997837 1.799510 1.298458 7.003480 8.103087 6.800863 2.668098 -7.289945 -6.793411 -4.634970 -7.860059 2.680796 0.046591 5.253199 1.870472 -3.892087 0.417578 1.946102 7.053350 -3.119474 5.842460 -9.241554 -6.599948 -6.867085 -6.657343 -8.266569 8.262138 -1.587637 -5.701486 6.156082 2.065802 3.182551 -2.164991 2.800402 -4.363318 3.969871 -3.163205 5.936272 -3.468782 -1.191078 -8.532997 0.298220 -8.757070 4.226946 -1.672679 -2.175263 -9.444354 1.695949 1.967604 -2.702267 8.726832 -8.559032 6.074337 -5.903148 4.736842 3.397083 -0.654893 0.070555 -9.896902 4.920213 2.868036 7.491507 4.289282 2.515227 4.452436 -4.833951
-7.880580 9.709867 -9.724242 -2.183926 -6.951112 7.555722 6.360442 5.873620 -2.879658 -8.929241 -4.647637 8.138535 0.205051 -7.799451 7.452856 7.011664 4.301002 -6.106851 -1.527036 6.369056 -9.915105 -3.648725 3.787178 9.645306 -0.209975 -9.533850 -2.833930 -8.476531 -5.117679 2.905510 -1.827970 -5.411575 3.696470 -4.005765 -0.037368 -3.843231 -7.828676 8.760395 -6.901533 -3.792410 -1.918969 4.520297 0.065587 5.284845 6.527600 8.122621 4.868924 3.187904 4.556110 2.072959 -5.732263 7.673943 9.869687 0.199283 5.967450 0.262116 -1.396641 -8.405336 -0.973682 2.158449 -7.408356 5.236612 -2.197159 4.302524 6.475661 3.882263 -6.969616 -6.305580 7.497874 -0.060670 9.239118 -1.796430 8.448977 -7.714674 -1.348323 -0.890335 -2.067477 -1.824603 0.244759 -3.195418 -4.953224 -6.936255 7.810252 -1.949470 -2.648079 2.407453 -5.297547 -5.969789 7.224754 -8.730014 -0.397091 2.308488 4.812763 5.095494 -6.847067 2.691910 6.885247 6.871050 9.079821 6.456199
-2.087379 -1.561508 6.580274 6.278936 3.635128 -4.000780 7.896079 6.466006 -3.235360 6.468767 3.606948 -2.915500 8.167288 -0.356965 -1.449394 3.219603 5.618914 -8.839909 1.127590 -9.565729 6.101566 -0.359851 8.655990 -9.537930 -7.260213 -8.194483 -4.731805 4.285757 -7.491962 6.995855 -3.607134 -3.532570 -6.441332 9.277240 -7.068976 8.449243 9.474365 -2.401723 -1.886818 -6.120795 0.215840 1.675835 -0.653319 0.360043 1.134069 -9.346225 4.847484 -6.832566 7.326411 5.219765 8.025150 -8.108624 2.618250 5.502837 -3.852518 -7.072809 -4.901361 5.105527 -7.627291 9.598709 3.676381 4.091799 -8.199828 4.478965 1.667852 4.008855 -7.567266 8.440705 3.912266 -5.255538 4.026301 4.753540 2.558412 -9.021529 1.841156 7.359545 -6.147758 7.497156 -4.337896 4.741755 7.308645 6.735122 9.216697 9.298835 2.141333 -0.484677 7.234959 8.339437 -6.340774 8.853065 1.633501 0.565377 6.041532 9.168540 7.186278 5.433492 -4.126328 5.104775 -9.514573 9.121010
7.585498 4.423188 -6.113769 -5.756551 -2.159437 -5.926218 4.872763 -1.647729 2.498298 -1.711401 -0.360163 -3.929659 3.531565 6.640352 -9.768091 3.960095 -8.680763 -7.333017 -0.197128 9.414896 -6.822941 -4.523643 -8.644428 -5.585708 -8.733766 -6.714376 6.753794 9.417258 -0.517136 9.159581 -7.248950 3.209519 -3.455231 3.606471 -1.488912 5.214051 5.887463 -5.277878 4.700497 -1.897104 -1.647532 1.562846 5.193153 3.564794 -5.450938 4.708643 3.649410 -8.208289 3.493625 6.918924 -1.813790 7.469207 -9.493945 -0.769494 2.113641 8.482789 6.121648 3.894708 8.747101 9.703356 -0.535627 -3.054379 -8.283381 7.131549 3.697939 9.542297 1.614586 7.249090 -9.426167 -8.618358 -2.170728 6.510803 -9.888873 2.800019 6.364259 8.734702 -4.727316 -1.666211 0.998889 -7.475904 6.588646 5.678339 -9.051159 -4.722864 -6.127484 1.931736 5.961261 0.530759 7.735010 2.163763 -6.815687 -3.364567 0.560138 4.541089 5.393272 -6.351501 1.896578 -3.720532 -9.668304 -4.512212
-6.126786 6.447899 9.269801 2.224214 -6.940101 -3.956025 -5.375144 8.745215 -7.327158 1.849027 6.706953 -4.329888 -6.070589 3.536210 -6.770307 7.045648 -7.657681 1.935520 -5.903754 -5.002229 8.661673 -3.269386 -9.426115 8.234956 7.365080 -1.378051 -1.102889 2.821384 4.748951 -5.550258 -1.740661 2.851909 5.975920 2.730670 -6.859040 0.090499 9.526658 6.633361 5.055068 6.049836 -5.378130 -5.962262 -8.959354 -7.770142 0.327134 -0.009770 -1.316543 4.952036 -3.977447 1.460610 -5.272615 1.996807 -4.343264 5.259689 -9.756085 -7.483898 -9.592037 -3.529251 7.036598 -9.725241 9.652808 0.436666 -1.540857 5.304488 -3.279021 -7.105502 -0.055390 9.555264 8.122389 -5.248466 -5.346040 -3.465396 1.109986 -2.138449 7.089953 -1.239128 -5.900834 7.904248 4.262777 7.591339 3.833818 8.811442 -9.204077 -1.643164 -5.163644 7.901215 -0.503929 -9.249311 2.512308 -0.039561 6.256510 -3.799633 0.113046 -3.848751 -8.391674 -8.280153 -6.270854 8.392682 -0.825674 -8.728485
2.606941 -1.931867 2.410402 -8.729008 -3.982893 -0.534049 2.915879 4.817853 7.538459 9.225627 8.138852 -6.846143 6.692642 6.056384 -5.800734 -5.008448 -8.844951 5.264340 8.192527 0.593105 6.284815 -3.805080 0.044416 -2.231086 -0.507479 -1.784776 4.391121 -8.077851 3.158200 -1.104537 -0.583672 6.348846 -8.630938 3.299393 9.009600 -7.225134 2.205332 8.604563 -7.702074 -8.442948 1.977370 -7.347405 5.002702 -3.629366 -2.938114 4.946268 0.847520 -9.785837 -5.398699 -6.777046 -5.331336 4.668218 -5.665465 3.723008 -8.735154 1.327391 0.903500 -5.338842 -8.326217 8.751529 -5.684708 5.608691 7.368789 -2.159935 -1.612439 6.032796 -6.236024 -0.055282 8.870439 -2.678263 -9.353539 -9.829415 -8.356278 -8.376251 7.921853 -7.851762 7.702728 9.604714 1.281083 -9.895826 -4.385555 -7.900856 -3.164529 9.416172 8.471385 -7.548118 -9.746802 7.774539 -4.684417 4.198411 -2.985116 -8.061948 7.534878 6.309066 -2.611250 7.055849 -9.632197 5.047146 -8.623782 6.615763
-9.655884 -2.724064 -3.596403 0.297442 6.545734 -7.854460 -1.276382 -5.025657 1.118389 -9.964404 -1.211739 -2.182011 -0.065608 3.644630 -6.599862 -0.259554 4.768504 7.615021 9.270826 -6.341030 -6.825030 -1.053586 -6.332619 3.637251 -0.401324 -9.087824 5.942692 -0.137678 -2.018639 6.487952 8.293293 -9.750911 -0.985604 -2.823438 -0.060053 -1.012456 -2.883694 -8.737151 -5.991011 5.917473 8.106200 -6.379243 -2.013644 0.208124 -9.364846 3.998307 7.437698 7.413382 2.193890 -1.449588 4.998649 -1.605174 -7.335607 8.861418 -4.584650 -4.852031 -0.262944 4.629097 -4.959449 -9.347187 -1.482019 2.093346 0.472667 5.046188 -6.326715 4.093618 1.011465 5.204100 -7.664405 2.079917 -2.567680 -5.098768 2.341568 3.915889 -0.872626 4.043383 2.870449 -6.295056 -7.052377 0.392170 2.719594 -1.923184 -3.833812 -9.979135 3.027962 -6.316768 -4.211485 -6.863490 0.244518 9.998299 4.324859 0.538094 9.302302 4.690844 9.363206 2.634726 -3.177713 -4.614766 6.428981 -0.363567
-8.178096 -2.950250 -3.844384 -6.706221 -4.083469 -3.252873 -8.800845 -3.200756 3.977714 7.747248 4.671756 -3.879785 -4.642895 5.864583 -1.722403 -4.368878 -0.135665 5.000213 0.366031 -1.043910 6.479847 -3.978193 -4.025925 0.874839 -5.049510 6.684104 1.421961 1.781397 -4.341483 -2.275174 3.107405 -7.763480 -1.256743 2.790209 -9.381463 5.398914 0.525879 -2.133033 -5.285202 -8.714475 0.053659 9.650356 -0.830377 5.397309 4.366646 5.697830 2.570757 9.713796 1.325210 -6.421338 -7.847761 -2.379053 -9.696771 0.960702 6.490648 -9.781036 -5.921543 -7.804481 5.129299 9.665109 -6.423541 2.097218 2.018224 0.143754 7.224955 3.616902 7.030654 -2.740283 -9.654207 -9.945482 7.607193 -6.220481 8.704622 4.139972 -0.473507 0.757983 -2.724471 3.674671 -2.897465 2.321887 -1.915744 -2.339880 -4.405654 9.129427 -6.193243 -1.454038 1.825383 -6.454740 -1.956184 4.620040 8.926880 3.521399 -8.262886 2.201085 -5.896354 -9.000323 -2.397719 -4.909150 5.175213 7.565103
-3.082080 9.625102 7.265622 1.470434 8.796969 3.243557 5.796086 3.213254 -8.257056 6.168637 -4.182497 0.948413 9.110863 -2.737406 -2.502317 -8.587246 6.134854 -8.949838 9.849549 -7.779899 -4.840472 -0.595139 1.141787 -9.497792 -9.102630 1.802348 -3.348275 2.463779 0.566013 -7.503662 -5.589239 -4.791817 -7.969217 1.079239 -4.370211 2.859609 2.862336 2.037541 -8.059752 -5.046385 -0.552490 -7.675422 6.754611 -5.378444 -7.115275 -4.156286 -3.367119 -7.340382 9.723798 4.180869 -7.930976 -9.623526 -7.133531 -6.642086 -6.921361 7.219314 -4.433766 -1.209102 3.220549 9.322847 -6.907821 -7.819607 -5.251544 1.713506 1.197039 0.537509 -0.140803 -3.532235 4.791525 -4.831710 -7.714226 0.610419 -8.269935 -7.898605 0.516003 -3.682309 -4.882178 -9.871612 -4.140393 -9.293250 1.781601 -1.532222 -7.634495 -2.688183 9.124284 -0.208858 -1.127512 1.164710 -9.969223 4.733934 9.335980 7.018850 3.732698 2.664122 -9.793793 6.544541 -3.485928 -2.404563 -4.432715 -0.979703
6.443693 5.625415 1.905133 0.193055 1.763004 -4.189806 2.937879 -9.517114 3.479345 9.621159 -9.931877 -3.301984 -2.657991 1.370264 8.693132 6.791693 -1.542482 -6.453338 -4.431275 9.332943 -1.994673 9.351652 -9.941334 -8.037402 -0.475326 -7.050981 7.237616 -0.632727 3.778864 6.379936 0.111865 1.654809 9.470476 -9.294645 1.553878 -4.225156 -6.850340 -2.564012 1.115746 -6.045913 -6.049380 -5.574313 -2.566403 6.448190 0.789372 -5.080143 3.360523 6.607329 7.948809 1.504087 4.601439 4.728922 8.294876 -0.073121 8.178012 2.769703 -9.130703 3.604370 -6.935463 -5.566202 -3.089952 -5.379947 -7.571718 -8.159551 -1.713878 -0.439656 9.800503 -8.052217 -1.780950 -8.056855 9.506519 8.094245 -7.092976 6.746184 1.860111 0.338659 3.159352 -1.470072 -8.431594 1.273844 -4.819731 -2.539109 -4.236998 1.318623 -2.744975 -8.809120 0.884198 6.208554 4.867235 0.758262 6.540446 -8.840303 9.147132 2.383727 -1.134477 -4.111837 0.010335 -9.166543 -6.136219 -6.303991
-5.778675 -9.869621 -8.224157 3.390176 -9.707973 0.928084 2.215607 -0.022381 -4.890895 5.278704 -0.535992 7.437322 -8.393417 -4.771568 -3.556010 -8.874074 9.026013 1.323149 0.705762 -9.502840 -6.007348 -1.436327 5.624870 1.483370 9.104261 2.892745 7.565932 -1.410638 -5.062859 -8.993409 8.739802 -9.228567 -1.317001 -6.302744 0.785379 0.048309 7.100295 7.005732 -6.665138 -2.935544 -7.610852 2.367324 -3.631472 -2.627519 8.727457 -5.737605 0.682725 -2.725659 7.086173 4.887047 4.738467 -7.354863 8.133020 3.207993 0.954441 3.145072 1.214803 -3.402590 4.075993 -1.630081 -3.708261 -9.070679 -2.445787 1.917467 0.416375 -2.670249 2.536950 9.484117 7.300003 -3.338593 2.973603 2.959941 1.606827 8.873801 2.747316 -1.103059 -5.158661 2.223262 3.070261 4.426427 3.657781 -8.288888 8.489837 7.418095 -5.481875 1.608248 1.346030 -4.233645 2.677362 3.897259 -5.406642 -3.797912 -2.338376 -4.690918 9.450013 -5.341820 5.396097 -7.954523 -3.397392 -7.760285
-9.654942 3.277092 -4.007009 4.522663 -6.336158 5.824172 -8.648974 9.512132 3.465805 7.046058 -4.958203 3.662701 -4.032868 -3.333966 -4.504318 -6.040384 2.226166 -5.641451 -6.187360 4.618903 0.558112 -5.515389 0.234591 -3.886005 7.999919 -8.582948 6.000516 -3.765286 -2.580138 -2.843945 8.580325 -8.406167 3.922965 6.929952 4.925927 -5.648425 -9.061175 -8.751708 -2.314437 7.420736 4.968045 8.279549 -8.108068 -2.841712 -9.155466 8.598888 -5.258081 1.218097 -8.140364 7.915459 -8.376593 -6.680798 -4.774421 2.913881 9.576106 -3.529462 2.830444 -1.382662 -6.133916 -7.117263 5.479795 8.067583 -2.662478 1.280481 -6.545722 -1.598335 3.398793 8.301395 9.047333 -0.595333 -0.914014 6.298126 5.191169 5.072271 -0.796388 -9.189518 -7.198557 -3.614056 -7.574768 5.859757 3.013360 -1.696335 -6.576929 -0.943186 -5.142101 1.657501 6.370725 7.791568 -2.939185 3.005184 -8.315054 1.902534 5.228447 -9.694680 -8.166249 -7.630321 -3.747357 2.601204 -5.998609 -3.019815
-8.669210 -0.226288 8.924529 3.358780 6.443473 -4.563799 -0.979777 -0.715291 -6.690410 -9.371795 0.368634 -6.942352 7.653879 3.424406 4.585349 -6.574397 0.828035 7.256065 2.912472 3.712552 -8.391772 5.566362 -6.959999 9.101836 7.426459 -7.462594 5.830476 -2.680223 4.881205 7.812986 -0.728008 3.323561 6.698871 -0.389422 -8.438456 -2.772198 7.842003 4.910170 -9.000797 5.531642 -1.035412 6.787395 -3.210663 -5.542776 -7.518849 7.466863 2.182774 2.215578 3.930137 -1.366142 5.021094 -7.555024 -5.430258 4.368603 -9.179982 7.515697 2.426406 4.040694 7.759673 9.829009 -1.170598 3.822624 -3.383262 -1.855532 -1.545400 6.170017 -5.093469 -9.606373 3.070842 -4.607591 9.450084 -9.812327 8.950681 6.964881 -2.092260 5.948435 -1.809374 -2.024323 5.723988 6.037299 -4.017106 -0.254560 1.127712 -5.470671 -0.102653 2.734559 -3.391843 -7.324401 0.671750 8.450274 -6.724791 7.937926 4.288868 -6.414136 -5.140411 2.668853 0.025585 -5.504462 7.033680 -0.051106
-9.461133 3.489551 7.601180 9.955609 -9.355297 -6.419503 -8.757048 -4.089514 1.860757 -7.415322 1.194583 -6.880903 0.430977 6.476396 1.384156 -9.096778 -3.715113 4.575258 -5.874385 -1.423478 4.828935 -9.269723 -6.185286 6.569517 -7.538177 2.641428 9.948620 -4.163390 -7.177111 -1.913287 6.796770 -4.537819 -6.015515 2.101102 -5.645651 -1.379515 -4.092890 -2.729734 -9.456324 5.578423 -3.322913 8.204368 4.060114 -7.312466 -9.183096 2.805714 -0.578540 1.853713 -2.993701 -0.246240 1.392431 -5.806077 5.638940 4.890415 -8.903041 -9.885617 8.195180 -6.122633 -6.991990 8.478638 9.689196 2.193839 6.630103 -8.993852 -4.795257 -6.294454 0.576223 5.317523 -5.631285 -7.348152 3.919793 9.514213 5.870347 -5.913132 -9.995018 -5.100765 1.716303 5.335038 8.799780 4.641675 -2.884430 -0.361358 3.132443 -0.728402 -7.837344 -1.905900 -8.290882 6.634598 5.473902 -6.599331 0.404240 -8.689220 -4.396824 -4.663902 4.626733 2.070778 -0.885306 2.148824 -8.344077 -0.429137
5.213484 -2.273147 1.001503 -9.449079 -2.982939 7.172623 -8.011501 8.106174 -3.978531 -7.389483 -9.186315 -4.142085 -4.394428 -8.232927 4.589175 -0.771495 -4.669598 5.848836 -4.637395 3.837069 6.330472 -4.691990 6.191501 -2.498364 1.088570 -2.211104 -6.496509 -8.604170 -1.087671 -6.704139 3.204968 -3.963819 -6.539051 -2.356710 1.162314 -6.074947 6.084730 -8.282000 -6.248778 1.923848 -3.658528 -2.393053 -0.470818 -5.316227 -0.731756 8.453474 -7.248504 9.555159 -2.384105 8.522517 7.510657 -8.342951 -9.246322 -6.322861 -0.160010 5.040422 1.651420 -3.209530 -9.452095 -0.332566 0.765971 5.329453 -6.821251 8.934195 -6.903575 5.369379 -6.707226 9.812907 -5.053657 -2.511451 -2.068642 -2.372323 8.883376 -4.528725 -3.143508 -2.888069 -5.692081 0.436412 0.940652 -4.035759 -7.615462 -7.607038 4.393739 7.959169 1.934107 8.968001 6.569097 6.398403 9.939239 4.741406 0.528446 -3.458110 -1.226173 0.464199 3.880828 -1.625828 -2.950768 -4.082688 9.901031 5.735492
3.273607 -8.852852 3.618141 -7.349410 9.289803 4.740610 -8.903835 1.610061 -7.210120 1.486761 3.958253 7.909010 3.272874 9.076603 -5.658880 -9.837474 9.841901 -4.341351 -5.785886 9.229972 9.488945 7.046624 1.393269 3.497679 -6.687576 0.163664 5.650265 -7.446794 -1.863235 -7.210846 -1.918676 9.774988 -7.200784 -1.600053 -1.667135 1.823609 -7.731433 0.700319 2.590268 -1.006727 -9.906968 -6.278428 5.473193 -5.501263 8.431316 -2.501503 9.622345 -3.661622 -2.985012 -8.756075 2.758210 -2.225921 -6.781557 -4.023530 -4.318466 7.392914 6.040625 -1.876993 -8.710051 5.556126 -0.262514 8.104167 6.019930 4.487176 6.790403 9.836545 -3.485322 -2.090577 1.361940 -1.868553 5.481722 9.640380 1.701879 -0.478403 -4.822881 -0.009904 -9.944148 6.042805 7.740834 -6.924222 -3.104722 -8.531133 -8.445469 4.894644 -9.010574 -5.197057 -8.037078 -9.047742 5.881831 -9.213141 -8.964392 -6.513703 -6.805475 1.995048 5.170878 5.475380 -3.095260 9.053171 -7.712176 9.891294
-8.788453 -9.560908 8.603407 -7.810007 2.388059 -0.004826 7.700622 7.679422 -0.247502 9.735389 9.656543 4.193593 -8.419238 6.506650 5.916162 -1.779084 -7.471698 -9.845251 1.235754 -1.668994 3.978027 3.545708 -9.339067 -7.072576 6.578168 -6.243400 8.100448 6.117935 -7.138649 4.122281 5.035261 1.848788 8.184497 -0.230384 -2.196390 8.929384 8.338390 4.884985 1.691163 -0.872183 0.505553 -1.328936 -0.066452 9.219773 1.665172 -1.229976 7.112170 6.493003 0.254684 -4.004019 5.919421 -0.511205 -3.713634 9.737284 -0.883508 9.868781 -0.596262 6.304303 3.990371 -2.966832 -7.443158 -7.235901 -0.165564 0.165137 4.311981 3.727470 2.083371 -6.888591 9.908096 -3.690051 8.464535 -9.929795 -2.082726 -1.069926 -8.929365 9.588609 -3.846578 -9.092964 0.410312 -5.762545 1.798633 -6.191644 -5.678645 6.217940 -4.370097 0.832402 0.719682 5.941586 4.186406 -8.673378 -8.602593 -2.881577 -9.216576 4.830886 7.295121 7.687557 7.995681 -3.657027 0.707976 -2.630405
-1.702255 5.183598 6.703050 4.944050 1.163626 -9.451170 2.323731 0.247010 -6.756214 6.281370 5.608906 -1.249986 3.226673 -0.529400 -2.164176 -2.357641 7.019456 0.624583 -9.290365 8.328249 -7.386611 3.512939 7.941973 1.702498 6.924962 5.480822 -2.332044 2.329214 -5.988201 1.463004 8.432578 -3.741282 3.980451 -4.923528 -3.000698 -2.802233 1.751501 -3.211667 -4.251364 9.197766 9.925584 -4.898689 -1.650516 8.706291 8.365823 -2.298840 7.272223 -4.474787 -0.502663 -6.402346 -1.973193 6.231111 -2.547827 5.192425 -6.741207 -4.471363 0.674502 7.972131 1.401431 -6.510630 2.818247 -4.792950 -5.281559 -7.774740 -4.924183 -4.773871 -9.341898 2.484265 5.150327 1.135493 4.055651 0.183744 2.299718 -4.080595 -3.872721 -1.862346 8.906595 1.203986 -7.401230 3.390183 -3.914667 4.707286 -1.169762 -8.242015 -4.200633 -9.212338 8.369813 -4.095326 7.961989 -5.316086 6.190499 -1.276023 9.843640 -6.425514 -2.158519 2.281052 -4.221331 -8.093138 0.097315 7.081544
-7.644542 -0.875907 2.431377 9.673074 -0.488075 -1.820554 4.160943 2.890716 -5.632494 -7.913873 -4.044051 -2.915927 8.352106 1.509769 3.141921 -1.242747 -8.658381 -8.911437 7.038702 9.387000 -6.768482 -8.421573 2.642520 -2.701872 -4.836958 -2.007878 -6.285498 -8.073173 -5.673880 7.517745 5.540707 -7.397417 6.417603 1.365829 -2.664255 -1.811843 7.101562 9.001339 -0.802772 1.166581 -4.714678 -3.373163 0.851272 -6.992240 3.775433 7.034865 -2.561215 -5.719211 3.472714 -7.039750 -8.892732 -9.848700 3.395607 -3.525959 5.490660 5.139394 1.935890 -9.903457 7.202558 -6.633400 -5.886695 -0.708614 6.869676 9.130849 0.165477 2.488586 -7.046809 5.960120 -2.410642 -3.652639 1.013566 9.978098 1.550894 1.233118 2.248072 -2.415786 4.398745 -7.955875 -0.066998 -0.960916 7.695569 4.695355 -3.046772 4.145831 3.582870 -6.241773 3.087846 -9.281211 3.967340 -1.631296 -8.429841 3.861009 -1.722190 4.092056 -8.675669 -9.817122 -7.971391 -3.197714 -2.206901 -1.251983
-1.006023 -1.997268 -3.183203 -2.182341 2.170939 -0.797603 2.039441 -3.283273 7.138025 -3.127591 6.928088 -1.622139 -1.485205 -2.472264 6.821000 -2.658196 0.147147 -3.754887 -1.897607 -5.772103 -6.066250 -6.088736 1.629831 -0.346773 -0.138363 4.326500 2.490837 3.896976 4.608230 0.598977 -9.877694 -8.222947 5.212483 -2.805994 4.651751 -4.174977 -3.639056 -7.873965 3.610708 1.678357 5.153413 4.718161 -5.306848 -0.065261 -1.843586 9.492719 -5.158454 6.016923 -8.022513 -9.323189 -6.545088 -4.172633 -2.710570 7.205834 8.821983 1.427655 -1.414426 5.362781 5.120722 6.716982 1.774811 -3.364516 -5.595195 -3.068778 -8.438092 4.963613 0.283373 7.023037 -1.353113 -4.965105 -0.679120 8.822773 -3.098620 -0.849042 0.818490 -1.884033 -2.192867 -0.766421 -3.448406 -1.962065 -3.888887 -4.903866 5.474985 -6.748051 0.682975 -3.804259 6.066637 -9.128845 9.963687 7.704041 0.491285 0.926615 -7.200372 7.639776 0.244721 4.223291 8.048981 2.611856 2.550734 7.819007
6.822712 -9.490319 5.512308 7.549256 3.394956 -8.526251 -7.055717 -4.255826 6.902365 -4.570272 8.879768 8.366342 -4.496217 -4.424375 3.602609 9.252329 -4.508608 -8.174710 -9.649646 6.697442 -1.490585 -2.187759 8.148711 -7.205201 3.818700 8.157078 5.260471 0.986654 -6.689644 -9.753114 5.369717 5.220522 3.984301 2.552429 0.915101 6.633928 5.835693 8.026022 7.705322 -6.852977 -1.914872 -0.875072 1.868866 -5.826637 -9.267547 -0.451028 -2.543214 -6.401262 2.058226 1.593709 -9.486805 -2.696646 -2.770242 2.193321 1.974245 8.427231 -8.211520 3.201192 7.641598 -3.436355 -0.278367 9.705864 -8.843184 4.443668 -9.182284 8.512285 5.073101 2.821133 0.449522 -4.007561 -6.884732 9.812589 -8.533703 -5.610414 9.887850 -7.340564 0.666278 -6.447454 4.231479 -9.499715 -8.826627 -0.216247 -5.879846 7.387053 2.733695 9.511949 -2.277065 3.253652 -1.247075 3.686206 0.702932 1.719335 6.932487 -0.732845 0.837272 -1.557667 2.729851 4.712178 0.283349 7.106698
4.905697 -1.295973 4.427473 4.961061 5.830923 -7.310503 -2.834506 1.496019 -9.107401 8.458362 4.331623 -4.630645 -3.377585 7.600462 6.856197 7.177799 -2.913354 4.775332 -6.067211 -2.679954 -0.235519 5.556882 2.614408 -6.745626 -6.620230 9.894551 0.156231 6.161721 -0.873385 -9.714004 9.808402 1.722199 5.936952 9.864537 -4.863265 2.507501 -0.353144 8.977920 1.941853 5.620816 0.716480 -8.439938 6.335785 6.255240 1.864786 -6.375358 6.251790 -5.159283 -5.646396 1.766304 -7.758738 7.226802 3.313944 -9.908758 -6.579950 -6.728328 4.145599 7.046508 -9.257539 4.427691 8.870958 1.881987 -7.456442 -1.459762 4.697593 -5.088090 4.686550 9.657445 5.259749 3.529022 3.585508 1.510740 4.865087 6.569724 -9.309031 -2.127877 -3.363576 -1.642732 -8.237354 -1.357213 -7.073703 8.241847 0.481160 -3.782412 0.116089 -7.349423 4.497859 -5.553616 -4.492886 -8.686391 -5.873472 6.548621 -9.500380 3.099337 -5.072013 5.921120 -9.095657 7.235042 5.114631 -3.782741
-7.498085 -5.164273 7.675472 -0.257276 1.078097 -2.782154 -2.159256 3.564391 7.959662 -0.772303 7.728440 2.920244 -6.075458 3.007579 3.435375 5.111001 -8.925276 -7.212130 6.671823 -9.473317 8.714560 3.199953 -2.441941 4.877934 2.628217 -6.966793 -4.697359 -1.852707 -8.043716 -4.408490 -4.296500 -6.019038 2.950631 9.522344 3.071089 2.243911 -3.088657 -4.793603 -0.840240 -7.833634 0.831162 5.117517 7.246800 -9.168809 8.939821 -1.386515 -0.786147 6.542750 -8.747384 -0.661558 7.302781 -8.683424 -4.910731 -0.249099 7.812359 -0.388662 -7.790305 3.783885 -1.759031 -2.589450 6.906302 9.288010 -0.318459 -6.040963 4.725333 -5.213648 -3.838304 6.460555 4.611154 7.106243 8.182033 -9.395858 1.340199 -9.970450 0.898911 4.558314 -9.305129 6.005687 8.962575 -1.989834 7.398820 8.658085 7.293778 9.051362 1.017678 1.985766 -1.005625 9.241386 -4.463028 -0.398535 0.394447 0.978837 6.495769 -4.757205 -9.521886 -1.529690 7.123088 -4.878689 8.578896 -2.213538
1.861417 5.186687 2.062484 -7.576205 3.164856 -5.250699 -3.946768 6.783254 -2.255145 9.953097 -5.716928 1.535443 8.255182 -9.954815 8.082423 3.397291 -3.278439 7.048402 -0.727041 3.635056 8.207184 -5.992046 -1.327148 6.891015 -6.310414 6.671093 6.557708 7.474326 9.128468 -6.452679 9.640016 9.790229 -2.835910 5.001778 6.295697 5.934137 9.499613 4.451016 1.528010 -3.348287 3.570725 -4.566080 -9.440975 -9.377015 -6.094922 -1.377109 1.584557 -0.189152 7.962870 -1.498483 -1.461873 3.100079 -0.543372 -2.261064 -7.709058 1.702569 9.347438 9.738123 -1.081592 -9.084621 7.772837 3.041133 1.891734 -4.236984 -9.507361 -5.980351 3.198283 1.572371 0.127471 8.826440 0.601649 -7.371188 0.236642 6.519572 7.973379 0.024979 1.305739 5.241179 0.300781 -5.735989 6.745159 0.399169 -4.105538 -4.143500 1.495264 -6.159849 6.434492 -2.902543 2.863941 -8.269449 1.311600 8.665689 6.868768 4.718177 1.449620 7.565241 -6.017776 -1.974673 4.498582 -4.868510
-3.691784 -4.907139 3.408920 -3.507951 -8.284157 -4.022627 -6.512053 -2.435310 -4.937274 6.430716 1.455221 7.871636 7.094446 -7.338893 -2.542924 7.489071 -1.672047 8.296511 -2.626861 9.329834 3.395614 6.387355 -1.804390 -4.511392 2.099806 -8.623369 2.071297 7.159986 -1.663223 -4.481772 8.566992 -1.998027 -4.079646 7.604882 3.792529 1.175202 8.235522 -2.200096 1.656945 7.701809 2.090268 6.283130 -5.350229 -9.822478 6.567224 -0.581411 8.135997 5.026276 1.523251 -6.269678 -5.442959 9.700339 1.409016 7.373945 -2.059379 -3.882338 7.219330 -6.619170 -2.806042 4.648412 7.509827 -5.194629 -7.823380 5.180365 -1.643555 6.314546 -8.168175 -5.682397 3.773266 9.682335 2.637580 -3.156439 -3.212455 -3.133872 2.997179 8.401422 0.010794 -9.833139 -1.490848 1.220331 -9.876291 2.878137 6.890936 -3.435221 5.269355 -8.386180 -3.442345 -3.567604 5.956228 -7.561805 -6.690480 9.718129 4.101517 6.902188 -7.638135 -4.808021 -2.951534 3.173355 8.754114 -8.623317
-3.994339 0.952557 -1.383485 3.955903 8.818092 -8.941607 -6.812755 -6.242672 4.397195 -1.630333 -4.244634 3.989068 -4.299173 9.300896 -1.815141 6.380099 6.227651 -8.131934 -0.017209 6.209419 -1.733726 -5.362627 9.301556 7.321306 8.914847 -8.721961 0.085050 -5.747026 1.480855 6.824709 -8.814369 8.777383 7.538384 -0.927646 -9.391230 7.663719 1.367477 -8.788569 -3.435277 1.823126 3.733224 0.215783 -7.693581 -0.793542 9.465760 -5.259160 7.891764 8.393701 3.497971 -7.035430 -0.553819 8.675657 4.589309 -6.055504 -6.098483 -0.075515 -5.800990 6.081713 6.283375 -3.513815 8.987415 -0.401393 9.696529 -2.138332 -0.688188 6.258579 -2.413328 -5.831950 -9.707891 4.602609 3.506634 2.305798 4.683446 3.178580 2.504274 -7.676068 6.119752 -9.965865 2.844574 -4.988649 -9.252900 -9.752178 -9.792854 5.826809 0.911375 -0.744034 -5.864629 -1.802704 -3.625735 8.820798 -1.676938 2.296896 -0.634964 -2.770251 -8.625058 5.819605 -0.955687 -6.794494 -6.244633 5.977846
5.799909 -3.058376 -4.683452 2.200577 7.138830 -6.513629 3.152085 -9.444561 -2.662327 2.650153 1.772167 5.419301 0.151510 -6.184082 -2.283867 -5.833724 -6.904770 2.501752 5.316025 3.283610 6.691874 -3.643676 -4.713321 7.850411 -6.078132 0.452046 -6.986382 -9.439480 -4.169814 -0.540974 7.396075 -2.445754 0.093181 -8.426940 -7.874354 -6.958008 -1.028027 2.094100 -6.184389 -1.240425 3.544491 -1.407990 -9.452265 -2.831909 1.850671 -9.488778 5.543925 8.293601 8.537529 0.611434 -4.183481 -8.888754 9.590573 -3.605089 -2.012324 1.987132 1.688427 0.123870 2.016747 0.242060 9.006594 -1.087689 3.551787 -3.299226 -3.661546 0.357607 -2.448591 -1.571628 -2.045371 -8.684199 9.000886 7.223111 6.924972 4.836466 4.886444 7.120510 3.821377 9.791009 -4.115997 -1.604937 4.350367 0.604494 -2.817628 4.872787 -6.245953 8.542214 -7.935677 -5.571181 -1.034795 -4.979879 -1.756602 -9.928859 6.775754 -4.667405 5.775745 7.273804 -4.497725 -1.258438 -1.743118 -1.021528
6.192452 -5.354185 -7.723931 6.271028 -7.528604 -6.230331 9.348214 7.409832 -0.608578 4.630314 -3.147960 -3.462495 -3.856878 -6.364589 -1.306829 2.783369 -8.733183 -2.233040 -0.609635 -4.530567 -5.016929 0.527395 -6.943794 3.587838 -4.042180 2.328903 4.461187 4.500216 7.936231 3.470030 9.811612 1.137150 -3.306354 9.015956 5.764206 -5.417246 -2.284656 -8.714241 3.881722 6.791067 -6.521236 -7.446511 -8.648933 -7.178606 9.451083 0.346159 -4.580530 -0.643277 -8.034010 1.991005 5.511356 5.267699 -0.621135 7.321994 -2.138905 -5.959466 -2.497691 -9.942932 -5.547129 -4.735847 2.967716 -9.628207 -1.344735 1.485304 -6.103960 0.068887 -0.781743 -7.426208 2.781757 0.735602 -3.919548 6.465473 -5.932502 2.497521 -4.442938 5.061848 -2.526282 0.887354 -0.839187 -7.142102 9.443596 6.241145 6.208444 1.458196 -7.510062 3.604777 4.052118 7.083507 2.867663 2.889379 1.394145 8.045050 5.110367 -1.398337 7.563685 4.686707 9.119640 4.483299 -4.125888 9.723803
-5.373115 5.798562 4.175805 -2.337737 4.652114 -8.706497 7.933251 0.897885 2.152988 -7.133191 -4.455175 -7.011812 7.162416 4.150330 -4.757432 -3.064687 5.019411 1.762282 -8.623487 -3.933157 -0.812572 -1.184142 -0.766618 9.677753 -9.403550 -5.003513 -3.718363 9.860844 1.249842 -2.575616 -9.928935 0.479378 7.055827 -9.331963 3.811636 -5.510334 2.808871 9.533647 5.696208 -5.564426 0.867292 8.890480 8.930751 5.381301 6.744642 -9.274101 -2.282630 -0.386101 -6.074093 5.040179 -7.436566 -5.665679 4.349978 0.485061 -4.886159 8.232379 -9.834925 -3.010677 -5.358919 -4.127530 -5.923278 0.525600 -1.859028 -3.129299 3.225899 8.034916 4.836785 -9.534012 4.828447 2.702440 -9.111289 -0.232061 9.397762 -1.105860 9.137778 -2.615632 -6.849805 -4.227859 2.742744 1.373844 0.169967 0.659463 -0.133363 -5.485863 0.229420 -8.034804 0.798056 -2.547975 -4.481613 -2.991956 -4.189705 0.201131 -1.659314 2.318542 2.791066 -8.704585 -3.576978 9.285858 -5.629125 8.969737
-2.198927 -7.476669 4.948059 -3.639351 6.105146 -2.659001 -1.676843 -8.286326 5.999425 -9.161593 -4.285189 8.455970 4.177515 -4.651662 -4.813056 9.173586 0.441649 -4.265257 -2.712410 -7.924850 4.999949 9.072330 -4.524059 4.452574 0.881123 -5.482367 -9.880401 3.378016 5.734933 -7.171129 5.439975 -3.928815 6.213093 -2.298364 5.985829 6.116588 3.431196 4.927948 0.968014 -9.505222 1.046948 -9.772890 9.505847 9.647291 0.465384 2.974443 -9.301318 -0.609050 5.002925 9.236658 -5.801331 -0.519390 -4.920715 2.074871 -1.162234 -1.811743 0.801741 -6.797198 3.842855 -5.811692 8.603810 7.722488 5.484057 8.026401 -4.079555 7.089393 -4.358355 -1.767690 7.289089 -2.050719 -0.314355 7.555678 1.374170 -4.200154 1.984309 -9.402578 -0.056927 0.140197 -3.928238 -6.798170 -4.129747 -5.895276 -5.524307 -0.241913 -5.343063 1.988341 -9.339506 -0.155652 -4.639072 -7.640593 -0.304982 -5.288258 -3.303278 0.572990 -0.069480 8.578061 -5.582027 -9.592400 9.281527 -1.947911
4.726388 6.388601 7.042616 -0.309488 0.205400 2.095158 3.891712 3.242402 -2.466548 -7.109344 2.778017 -0.612339 4.276750 4.768614 4.489018 8.479990 2.456226 -3.120446 6.190915 -8.924438 -4.466871 -4.229000 -8.987675 -7.574642 0.389567 -5.939141 -8.182038 -4.958838 8.494451 4.510883 -1.604155 5.602546 -2.913560 8.066701 9.447211 -3.633105 7.204870 -6.183692 8.765506 -3.986516 -4.528978 1.675455 9.477962 4.619129 5.589670 3.841060 1.233124 5.497383 6.269251 -6.350043 -9.158215 -5.249308 -0.672463 -0.762136 3.923380 5.788752 0.058642 -4.415580 -2.235319 4.276461 1.710134 1.977826 -8.291552 5.115980 -3.114843 -3.199954 3.837187 -7.206331 0.037217 2.648404 -2.058936 7.964209 -5.787336 9.166505 6.052684 -2.118256 -3.809848 -8.321766 9.740082 -9.258209 -9.420226 4.749824 9.156469 -3.057571 3.855815 -6.908660 1.786214 -4.816344 1.724765 6.457170 9.439905 -7.872994 -3.649162 9.072679 0.446823 7.986107 -2.517925 -3.957155 1.089482 -9.120642
-9.984542 3.561558 5.067683 -1.098755 6.261372 -1.873841 6.733804 -9.212973 2.067705 -2.558399 1.511213 -5.342648 6.966620 -7.179376 -6.475501 6.935880 -3.946494 6.712885 5.735656 -2.978431 3.887828 0.817598 -9.000132 2.178751 3.615931 2.842448 1.800514 9.733117 -4.164893 8.653318 4.697766 4.182194 9.129544 2.760585 4.786268 7.182430 -5.504362 1.498475 -7.467058 -4.194738 -1.047471 9.059318 -5.561325 -8.430969 4.074958 -3.087089 -2.277576 5.622867 7.138248 3.065953 3.597408 4.138826 -5.653009 8.076965 2.393407 -2.705397 9.262107 -2.618586 8.893171 -7.993388 -7.376616 0.692322 6.561838 -6.640880 -6.450010 0.330615 4.310485 2.659194 -6.048247 -8.869300 9.495434 9.066748 -9.091929 -9.630291 -0.439055 -0.152230 -5.934591 -9.548131 3.467728 7.509737 -7.918249 2.642938 1.727842 -0.750750 2.895627 -0.770021 -7.865834 2.273046 -2.683198 -7.825376 -8.027580 2.494268 0.762383 -0.361271 8.782324 -8.935641 8.673094 -5.075636 4.778336 3.244311
0.702483 -6.711318 1.082344 -5.017126 -8.287122 5.659325 -8.287189 -7.338648 -9.477474 -0.393946 -1.513831 -1.739492 -0.555659 2.015270 -7.928860 4.460309 5.205361 -5.219222 -5.863940 2.939589 -6.479253 9.495875 -5.407749 0.418512 -4.886711 -4.803438 -9.426832 -3.132332 -7.526310 0.198682 4.476136 -3.822191 3.236123 -5.989188 0.191204 -4.833450 -9.255184 -0.427480 -2.549996 0.559095 9.497604 -9.870187 0.082028 -5.711274 1.255361 -4.599201 6.282585 3.809738 -6.263276 -3.515863 -4.660761 -3.674884 1.800151 4.402584 6.716811 1.291670 -7.689726 -1.605515 9.765027 2.789955 -4.567439 4.539931 6.565899 -4.523099 -7.951404 -6.834690 -8.378329 2.205463 6.914665 -1.459482 -3.447408 4.215778 -4.938438 1.454191 -8.607332 2.991265 1.219295 2.824385 -9.788411 3.687631 -6.479788 -6.008970 4.655081 -2.140679 5.363631 -4.296027 5.282447 7.203369 1.881646 6.624544 5.532088 -6.475399 -2.884888 -4.754910 -1.798730 4.386771 -0.636599 -4.951276 0.722993 -4.000509
3.198658 -5.509983 8.006880 -6.899267 -1.649293 -7.537567 -3.817836 -5.488276 -9.704508 4.730598 9.953947 8.297702 5.270219 -7.263935 1.117821 0.261720 -4.431127 7.540612 -5.293962 -8.462523 -4.331604 0.776810 7.816819 1.423020 2.996223 -5.926829 3.460894 -7.840528 1.145938 -0.847781 -4.977729 -7.749478 -2.349803 8.227282 7.321337 -4.459541 -5.690741 -9.950951 -5.869586 4.218580 1.407643 7.055502 7.326485 -7.566503 -4.958974 -7.824076 5.838014 -8.939292 1.207678 -1.556676 -6.633873 -9.529313 -7.267010 4.680976 -9.368033 2.380112 4.269779 5.683719 -5.133669 5.923195 -2.035340 3.376178 4.699793 2.202421 -9.360798 -2.933149 -4.911453 4.440773 -7.643907 6.350925 -9.604602 8.847768 -3.599021 -4.759698 -1.646220 6.366552 -2.402767 -6.245563 -4.850403 0.990213 -8.602403 -5.107548 6.809533 -3.516358 5.671715 4.024597 -7.182432 -8.461921 -3.995497 4.008367 -3.124841 -3.559535 -6.824514 -7.639631 -9.575868 5.109859 -5.345326 -2.889833 -9.280720 -1.495688
-5.614391 6.239001 8.446502 8.071319 2.398370 -8.081662 -6.048885 -6.346077 1.439342 8.335166 -9.831624 2.368422 -8.254789 0.248275 -3.271956 4.158389 6.105079 -2.277066 5.780711 -5.680131 -5.858078 -3.326704 9.303716 -8.849450 -6.355194 -0.140278 -1.248351 -7.625712 2.823055 -3.798288 -5.981294 -8.374711 5.909661 -5.410970 -7.639361 9.972983 -4.868029 3.611032 -8.530903 9.286955 -6.307257 1.714083 5.758649 -5.655883 -7.452008 -0.071051 -6.503350 -8.940393 -2.687183 0.034932 1.247829 6.234516 2.254764 -0.941060 4.724478 -8.195499 -6.410863 5.307159 8.744332 5.537631 9.381771 -3.636781 -0.046762 -0.754280 -2.797810 3.194684 -2.541897 -8.310422 -9.618644 4.747105 -2.857842 -3.559974 -6.369481 8.477325 0.004938 -9.225107 -7.558381 -4.225220 -0.896813 4.762590 0.550718 5.469315 -9.092396 1.385282 -3.709535 -2.583955 -3.833407 0.077809 1.620207 5.406249 -3.264280 5.007743 0.661373 0.090035 3.633776 -9.608932 6.872927 -1.701757 0.231044 -2.053505
3.705600 -0.393459 -7.803484 7.511143 0.985273 -1.111773 6.441670 -1.694603 4.492892 -5.768156 -0.882166 5.421564 1.538577 7.386045 0.815477 6.395547 8.579213 9.758757 7.816382 -0.566435 -7.957172 -9.702088 -3.267827 -9.250912 -4.811740 -5.825254 8.362627 -9.279670 -3.612869 -4.722939 -4.246711 4.980572 -5.842453 8.765579 -0.226525 4.407579 4.581143 -4.496750 8.223699 -5.038125 7.252378 -2.556493 -8.585626 8.014607 3.293927 3.089562 3.223692 4.276290 3.125347 -1.438370 -5.285841 -4.711089 -8.167013 -8.382037 9.759677 -3.834242 9.388266 -9.043521 6.163268 -7.218585 -4.053590 7.401726 3.228936 7.610402 -0.081255 -8.395328 5.984256 -8.268193 -2.609135 -6.077264 -9.958550 -8.327780 3.256793 -9.333911 9.376611 9.460048 -7.360417 -2.810482 2.188169 -1.492771 5.897137 -0.496640 6.833560 3.343292 -9.490405 -4.769760 -2.190601 8.785917 5.859062 -8.518898 9.652669 -4.807839 -0.736415 7.655080 6.832443 -1.861612 0.770499 -7.971065 -4.073776 -6.056452
6.946579 -7.672545 -5.341883 -7.315708 -4.994245 2.230822 -0.324991 -8.421149 -0.616834 5.955727 5.100286 -0.935818 -6.516355 -7.312122 -9.749327 -1.091399 -0.012877 -5.059276 5.071879 -2.340076 -9.734631 6.195090 4.515589 -6.443570 2.132251 -1.488375 2.113458 2.898166 9.696853 -0.752224 1.583216 2.800006 -7.245524 3.504222 4.095483 -4.364458 -4.304504 2.772442 -3.633807 1.137003 -4.438687 -9.561395 -6.356637 -4.905314 1.500237 3.098901 -1.660537 -1.102536 -8.634588 -9.254039 6.516969 0.344240 6.375556 -8.213563 -2.848250 -8.581813 5.586794 3.851679 -7.007927 -4.352792 -0.279599 2.383002 -8.379835 -3.902666 -2.164754 4.019482 -0.618316 7.221387 -6.119519 -5.907166 -8.364186 -5.054980 -9.630217 8.450891 -0.151590 -5.026574 -5.662626 0.979074 -3.556805 -8.540843 4.591436 -1.531731 5.963143 8.338135 -8.209835 2.624258 -1.779620 2.223257 -7.316386 8.117544 -4.686993 7.853914 8.067717 -6.589386 -6.288855 4.362947 -3.620983 -0.132852 -8.724036 -0.927171
-5.074305 5.848686 8.952236 -7.190766 2.430572 0.389954 9.402617 -0.901915 -1.356035 5.187754 -8.666210 3.366961 -6.225565 7.944317 -7.830908 7.734020 7.097283 6.706736 -3.851510 4.104913 5.924925 0.112532 1.140313 1.264828 3.854722 6.405484 1.456986 6.182030 -8.990899 3.640106 -9.715855 6.507423 -1.817828 3.370644 4.898380 0.279773 -9.354751 -0.630032 1.592924 -3.529395 -0.958220 -4.170255 8.451883 7.633481 -1.815780 5.952210 4.920294 3.067907 -9.113024 5.729796 -7.693611 -3.763436 4.984424 9.596124 -2.129826 -5.764882 4.418422 2.205851 6.853805 4.741924 7.152126 1.402937 -8.284289 8.771210 8.820127 -3.571508 -2.918513 9.720120 4.727104 -5.423152 -4.699732 -9.475923 -4.707416 -5.305747 -2.660986 -3.542977 0.136554 -1.040059 -8.135495 3.878289 7.210096 -8.974773 -2.741584 -5.196963 7.270567 1.296381 -4.471151 -9.444256 -4.123212 0.057894 4.335137 -2.060805 -8.087552 2.250541 6.058386 7.785315 -0.871112 2.348014 3.373242 -5.323541
2.367064 2.921463 3.904274 -6.692690 -4.626050 7.002201 -7.814075 -1.861945 -8.375728 -1.364422 9.189399 0.050082 -3.418330 -7.986503 9.475626 7.450162 1.301330 1.300503 2.338832 -2.496914 6.739099 9.762007 0.039863 0.178367 -3.004162 8.307441 1.933111 9.560817 -7.674694 -7.773951 1.704064 8.418728 -6.302319 -5.221848 2.913784 -5.223676 6.547428 1.338486 5.707434 -6.771010 1.964172 9.327730 2.453165 9.274177 7.344358 -2.537127 -3.486096 -3.996261 0.444656 -3.126823 -5.831438 -0.834278 6.148858 3.259248 1.404078 -3.207525 -0.551238 9.996513 4.690918 -8.630457 -8.295876 -8.355269 5.094035 -4.055901 6.977425 2.113791 2.075706 4.985447 -5.742596 -7.642294 -9.556752 -8.142512 -7.108754 -6.108956 -4.820120 -4.505529 -5.303848 9.862811 8.348691 5.833266 3.850078 3.690472 -5.449066 2.490117 -6.203657 5.829412 7.702108 -4.049006 6.820609 -7.473369 9.691814 -0.187700 -7.874649 -0.197661 3.735595 -3.414536 -0.732151 4.513863 5.462147 7.239477
-7.617907 -1.402100 -8.739690 0.861158 -0.371106 -4.392716 1.068571 -5.122611 4.942724 -6.280812 5.229422 -5.789187 8.893731 -3.432708 6.314052 -0.611260 -0.433904 -1.381976 -2.613538 -6.454618 9.088866 0.989086 7.287546 3.459925 5.405093 1.310970 -0.476978 -0.966040 1.112480 2.734077 9.501410 -6.663664 -7.532208 -8.154816 1.987551 -2.483108 -6.172957 3.999190 6.218149 2.162694 3.932762 -4.791854 -4.020259 -3.142741 -3.712439 8.934608 9.043051 -0.900899 7.696176 -1.528913 -0.201597 -5.635580 -6.179613 -9.683663 -1.888043 2.885552 -6.125453 -6.229562 -8.240264 9.247590 7.710126 -6.835216 1.260768 -8.636426 2.339374 7.030860 0.621526 -4.892850 4.349691 -8.488153 3.379383 9.854091 6.936863 7.536272 4.212711 -1.402549 -0.791192 -7.054766 -5.090974 4.555945 2.540613 6.839578 -3.740877 -8.200145 0.408609 9.140859 2.657459 3.893648 2.198956 8.236076 -7.739627 6.398415 -0.479806 -2.671162 -1.111722 8.449774 2.843726 8.620143 2.527567 2.264919
-5.171858 5.235445 -6.226918 9.090042 -6.964685 4.983338 3.967209 6.767289 7.423228 2.019874 9.790421 -6.701661 -3.375856 8.887021 9.970999 -1.221692 5.843408 -4.914664 6.539666 5.595424 -1.027131 0.281188 0.379290 1.819948 6.395663 0.413891 -0.454325 -4.130023 5.643950 2.910792 4.373968 -4.694566 0.981975 -2.057587 4.195190 -0.518254 -4.234348 -7.850976 -5.794684 8.876466 6.923079 6.716446 -7.721221 9.341484 5.595772 -7.542023 3.348130 2.763193 9.669793 6.443435 2.499914 5.817844 -6.643800 -5.233144 3.950582 -1.736558 -9.485372 7.660109 -2.687881 3.109017 -9.268806 7.969522 -1.100460 7.693032 0.459095 6.220821 9.130492 3.670635 -8.951036 7.901445 2.392655 5.620294 -2.347854 1.555893 6.594917 -9.610673 4.017403 -3.030068 -6.704621 -4.896232 2.668693 -3.160824 6.636357 -9.563843 -2.522873 5.643413 -2.180719 -0.526314 5.726100 -3.785553 -2.419949 -3.547776 1.249454 -0.709500 0.609561 -6.349362 5.799963 -9.890097 1.883830 -6.999774
1.330794 -8.342546 2.677378 1.274116 -7.401679 -3.414682 6.314533 -6.420685 4.142009 8.479317 7.243188 3.213014 3.552495 9.632697 -8.302330 9.458573 -1.874922 7.096846 0.205923 2.846506 -4.446267 -7.894751 -1.509708 3.369430 -0.128229 4.170981 5.757562 4.706936 0.652797 0.917632 -1.330044 -9.099430 9.467071 -3.649801 1.698237 8.624999 -7.726071 -5.747795 5.400432 3.747752 6.306178 9.297342 -4.800144 -4.888831 -0.164489 -0.308817 -0.429564 -5.960619 6.778832 9.695194 -8.467756 5.263890 3.752111 -3.945141 4.838357 2.916577 6.237722 8.723147 8.477644 -2.102589 9.206219 -9.414553 -0.274707 -1.502897 9.903318 2.026685 -3.753716 -7.164319 4.292708 -2.510608 7.584260 -1.101826 -5.498586 -0.629441 8.242626 1.949041 2.023174 -5.062993 5.243339 3.616890 0.537310 -2.394896 3.578261 9.464795 -5.451193 -7.938421 -9.115215 -8.346764 -2.051894 4.794266 6.135093 -3.600886 -8.597636 -6.626583 6.016577 -2.119718 3.322845 -8.966863 9.452833 -7.551715
-3.006102 9.317467 0.858172 -7.492639 -7.813177 -9.240512 6.025759 -3.900579 2.285127 9.782318 1.861751 -7.472097 0.886243 9.041992 1.796209 -7.572384 3.434817 4.778521 -1.431274 -4.674709 4.953945 -7.184426 3.076674 -1.758499 -7.468894 -4.527645 -1.757287 -2.014088 -4.687324 -3.124167 8.865262 -1.131770 -1.774979 4.637273 -4.536406 2.676086 -2.230109 -6.030366 8.981746 -9.855006 -2.819305 -8.064079 9.596997 -7.810841 -9.447286 -8.859811 -9.987007 -4.897173 8.619843 -9.993516 5.339481 -3.327003 6.886109 6.355376 -4.880002 8.148572 9.737234 2.923282 5.478766 -9.093050 -3.282748 -3.062120 -0.992223 -9.814783 8.429966 -8.076932 0.822733 7.009253 -9.715723 2.641530 -3.879296 7.590018 2.280955 -5.799817 1.374356 -7.412792 -4.907199 3.589269 -1.044006 1.110396 -2.213733 4.399434 9.552821 7.272137 -6.270995 7.904243 6.342180 5.959373 -1.046554 1.205995 6.852284 -1.285149 -7.079444 0.073652 2.750959 0.077129 3.733468 -3.306535 7.324192 0.109253
8.069702 -4.860357 4.023222 -9.177160 -1.966269 5.707994 9.566851 -6.320882 2.239128 -6.884750 0.870625 -1.450899 -3.624645 -2.885795 -2.311499 -6.332282 -8.463097 -1.164726 -9.760794 1.711143 4.199143 4.349428 1.045882 -5.327802 -5.060032 -3.954256 -1.957262 -9.723325 1.963485 -4.895165 -1.855297 1.698431 3.822907 5.600983 5.320109 6.225149 2.639616 -0.121622 9.033837 0.363184 8.420747 0.115128 4.915373 -4.943032 5.721064 -2.124672 8.484607 5.956071 4.936999 2.218324 5.930855 5.166793 -4.435386 8.611521 5.470838 -3.703714 -0.869464 4.445503 -2.908288 -1.258209 1.637805 -2.129964 -6.402209 -0.083488 7.990317 -2.614360 -2.505229 -0.502103 -3.348045 5.464766 -7.192010 -9.009902 3.853594 -9.394740 -4.848377 -3.322002 -7.519178 -1.635080 -4.052279 7.936460 -7.724426 -5.657269 -1.061119 -9.764277 7.763307 9.188722 -4.967470 -5.352036 7.129954 -5.566509 -9.472006 -6.062718 -2.837688 8.878330 -9.024540 4.748432 -3.702553 8.932352 6.013403 -8.387095
-3.838088 -4.619543 -5.697801 -4.836607 2.020626 -9.077712 -9.627218 -7.458401 4.314238 2.988081 -5.212776 -9.193175 6.637333 -1.705775 -6.816218 7.537782 1.370748 4.128856 3.063737 -1.513850 -6.064608 3.432943 -8.638397 -6.278409 -6.550072 2.130017 4.599832 -5.117078 2.778177 -4.792156 -7.874941 -4.369044 -7.248233 5.917003 -2.410804 -2.637742 -7.988677 2.510266 0.437059 -1.770941 6.521313 -9.362910 -6.097477 -2.066279 -7.667866 -6.275049 -1.506055 5.419210 9.669820 7.264478 -8.894904 -5.361540 -4.162746 -4.710516 5.041127 6.204256 -5.927450 -4.957295 -5.152930 2.013989 -4.988424 -7.352490 7.729907 0.785380 3.627432 -8.983025 -9.056356 -7.140724 -9.561925 -5.078529 -3.126393 6.045029 -9.062608 8.390742 8.171776 7.568509 2.716265 -4.090813 -3.007918 3.162100 -9.261907 9.077695 3.419513 2.751220 3.810353 1.188833 -1.913520 5.005341 -9.244530 6.751404 1.585854 -3.771027 -7.541058 -1.803785 3.612630 5.716773 8.714015 -2.824684 -1.919759 2.221582
-4.990264 5.888079 -8.081948 9.329717 4.262988 -9.040864 4.508356 7.683192 8.306485 4.521097 -2.666807 -6.157836 3.535331 -1.688037 0.461156 -3.361457 -8.406466 -6.250967 5.396190 4.502515 5.943225 -8.731253 -9.473229 -8.007277 3.535821 8.513200 -9.411920 -2.170075 -2.640841 -6.116821 -5.273508 8.483754 -9.842964 -8.278066 -0.193553 8.698428 -9.393484 8.885488 6.504469 -5.402372 4.968299 -2.313231 -6.727978 4.641557 7.314992 7.212100 1.010682 3.733940 -5.888480 6.605215 1.750845 -2.647687 3.830434 -8.358541 9.019276 1.094331 -5.162497 0.801269 4.259081 -7.142084 -2.037252 -9.195424 -2.198998 7.567380 -3.406409 -2.979157 7.747931 -9.199013 7.030247 5.119753 -8.436258 0.163716 -0.716977 3.892444 -3.714250 -3.586467 -8.213566 2.271796 9.167642 -0.650866 -4.680518 -8.237635 -7.028348 4.383205 -1.410541 -6.267973 -9.621101 -6.885528 1.374002 -7.536827 5.064242 -4.340971 8.525979 -4.755736 8.684612 5.913161 6.507203 5.530967 -1.903278 -2.893206
-8.202136 -2.812731 -1.177953 -2.747915 -7.145048 2.112556 8.681667 -5.379267 -1.652467 1.963786 -4.971840 -5.415692 9.458308 -7.675800 -8.697902 8.574144 1.768281 -9.902661 0.259733 -4.181227 -9.887337 -9.408984 -0.006590 -0.975688 -1.287382 -8.312635 -3.254501 3.263063 2.758594 7.118668 4.264390 2.725429 6.626426 -2.114233 -2.150886 -5.655216 3.357055 5.058781 7.463561 2.643923 5.214414 1.737356 7.187888 -9.396129 8.138425 2.546233 -7.677049 3.627026 -2.058208 1.954597 4.974578 6.222949 2.805521 5.061133 -6.600054 6.062074 9.502671 -9.603423 -7.694883 -5.338494 0.492377 -7.375110 4.916188 -5.606215 8.454579 6.786867 -0.396075 -6.698019 -8.733497 -4.988989 -8.824772 0.794336 5.507427 9.637902 6.528802 7.107056 -8.828037 -6.653382 -4.427734 5.878443 3.889698 8.365718 4.654281 -8.862054 3.499518 -3.830373 -7.255571 -7.891483 -6.711031 5.297468 9.530611 -0.299636 -3.491289 -4.381424 -2.673754 -6.293854 -0.681922 -0.922488 -7.710708 5.428732
-0.990239 9.176673 -3.504610 -9.371971 4.188589 -0.098196 2.057507 -0.913909 -7.394259 2.921533 1.446648 3.677292 -1.042288 6.993009 2.644953 -1.155998 -1.620538 -6.913923 2.653949 -3.543477 -9.178582 3.581736 8.423144 -6.376876 5.799230 0.106779 -6.376868 -3.031795 7.920121 9.247046 4.273673 6.683292 0.139778 -4.872870 9.430652 -5.582136 -4.376134 -7.920424 5.125615 -7.290606 2.268952 -1.929987 -7.638099 5.732051 1.208386 0.738297 -2.046199 3.353776 -1.546128 3.252018 6.585794 5.350410 7.241269 1.589364 -7.365990 5.308138 7.346500 -8.098229 -2.575175 -1.043365 5.468289 5.872419 -1.521964 9.114916 6.272223 3.977250 -1.477875 8.127315 -1.600021 -9.850767 1.535872 5.794114 -3.439808 5.723233 7.593377 -2.682552 6.199800 3.645912 9.668879 9.771544 2.684510 4.232928 2.348907 -7.961229 8.072996 -4.277218 -7.095011 0.902317 -8.577430 8.768485 3.781398 -2.123034 9.616480 5.202757 6.171333 0.516171 1.036340 -0.477434 1.074921 -6.412845
6.777555 0.675007 9.979283 -9.709027 -5.143569 -9.617028 -6.598436 3.152610 1.809116 -3.455947 -5.641174 -0.075076 -9.073890 -8.253290 9.436802 8.905278 4.240633 4.414447 2.215693 9.546180 6.120716 2.456728 1.226148 -8.753800 8.925707 2.648355 -7.597339 -8.355406 -9.252451 -4.459073 -3.068814 -9.741307 -1.800004 -7.423301 1.515312 -3.649864 2.245366 -9.100979 1.195329 -6.964107 -8.074064 1.568565 5.002352 -3.302941 1.253610 2.214782 8.283360 2.165954 -3.074320 1.689496 6.172624 7.462110 2.607264 5.166688 7.137818 -9.185160 -2.083205 8.788463 1.898194 7.495927 -3.170584 -4.811205 -1.479973 -8.260432 6.179873 -5.031754 -6.579675 -5.191202 -2.387518 -9.757125 0.229594 8.425787 4.274041 -7.428421 5.446401 5.490519 -2.515567 -1.308042 1.830252 8.566210 3.281504 -1.383637 -8.171093 0.986958 -4.893872 3.030990 -4.455651 8.305399 -4.257118 -4.397498 -1.644858 -1.780943 -1.161900 -3.264576 -0.294792 -4.524824 -6.865048 7.846930 2.096361 -4.553976
6.811655 -2.608734 4.017352 -5.209409 4.688812 -7.489676 -0.588422 -3.794969 1.898015 3.190273 3.012173 6.771786 3.940029 4.054932 -6.629683 -2.544535 -5.738274 -2.267976 8.481428 -3.429030 -9.394163 3.940931 -4.442407 -1.124409 1.947083 -8.089109 2.277160 -2.707717 -6.795180 -4.884525 1.498998 -5.380544 0.601078 -6.362051 4.963395 -1.669006 6.321532 7.586936 -8.370704 -0.420688 3.296036 -5.912647 -3.305406 2.793148 4.071125 -8.005127 9.993416 -6.585074 -4.182386 2.424312 5.132917 3.022394 -4.048923 1.131829 -8.848060 -4.052081 7.792186 -4.371429 -7.700161 -1.697009 -6.561643 5.367614 8.806553 -9.849909 0.569968 -6.631818 7.697657 -4.835823 -4.574462 -0.515311 3.891515 -9.778002 -2.001902 -4.684182 -2.238577 -9.160944 2.746165 -2.969027 -8.643584 -3.895506 2.786744 -6.027531 -3.130638 -4.892925 -3.576634 -1.167612 6.927325 -2.449129 -1.055961 -0.027119 -6.985299 -9.190755 -5.449376 6.904596 0.844221 8.070046 8.099200 -5.061139 9.263659 0.801780
5.693116 1.967290 -8.436036 1.396918 4.233073 -5.459455 -2.900514 6.251413 -1.145804 3.191108 -4.574772 7.151597 9.772249 -6.119681 -5.276493 -0.873296 -7.460012 4.459040 7.726486 8.920450 3.152937 -2.592699 6.599250 1.156463 6.038217 7.953604 1.813596 -0.709196 6.173744 -5.276181 0.198169 -3.464145 -1.234466 9.259709 2.401517 8.977139 -2.801454 -4.106771 4.938201 7.115061 -4.538953 4.459339 -7.813882 -8.071895 -3.345731 0.856331 -4.914735 1.383590 -3.317720 9.020882 -9.009369 8.415288 1.437600 -7.434061 3.897872 1.307561 5.618925 1.382720 9.959030 3.394763 0.355455 8.562625 -5.534864 -4.072374 0.134875 8.858705 7.679436 -4.378855 -6.839898 -3.378934 5.278458 -8.449206 -5.323914 8.193401 -0.645802 -6.973679 5.292995 -2.840522 -4.350977 2.942125 2.670605 -6.454640 0.300343 -7.044460 2.359871 -4.310081 -5.053594 -5.087457 0.528517 -7.345374 -6.886401 6.679896 1.366194 7.576080 -1.708470 8.902970 0.710763 4.124615 -3.439950 -7.055770
6.092134 8.614021 -6.597439 7.870523 -6.690304 -9.138825 -0.237372 -9.328219 5.629524 -0.203613 -2.239527 -4.454812 -8.687369 -8.303059 -7.859613 -4.884536 -3.020685 -4.322402 5.596843 2.471652 -3.342984 5.009071 1.017797 2.604232 2.278901 7.173721 4.696437 -1.961906 2.470225 1.183840 -0.544178 3.602523 3.206274 9.240095 -0.567250 -9.676906 -6.964514 2.861950 -5.878252 6.340800 7.200178 8.254151 -2.467658 8.398238 -8.074094 9.893476 5.882432 1.559257 -5.011354 -9.682842 -5.649563 8.412544 7.773252 5.652289 -9.214658 7.432329 0.966887 4.914021 2.578257 -9.158968 0.077987 0.337515 -9.383627 4.560619 -2.163883 7.988957 3.817446 -8.849125 6.327277 -9.935614 6.386658 7.582852 9.493289 4.580964 1.469640 -5.035370 -8.320772 -1.022648 -3.118433 -0.936548 6.417517 -1.316008 -8.661946 -2.438410 -4.741086 -5.697625 5.580669 2.200858 7.376155 6.694211 1.406866 3.550593 -5.779329 -3.154059 4.935338 0.835862 -6.428280 5.449890 3.768299 6.439708
3.041829 -0.709679 -0.583437 -7.600055 -6.828413 -9.518166 -4.833339 -3.607700 -1.063872 9.420491 1.807110 -6.464438 -8.309111 7.819399 -1.781616 0.587786 6.773928 -1.690532 1.779891 -0.501095 1.430699 -6.537039 7.940529 -3.106659 -7.669908 2.323514 7.548264 3.546886 1.085712 6.591302 -0.726007 -4.275260 -5.277397 -7.629078 3.168142 8.051124 3.037709 8.538634 -2.745722 9.569086 3.037144 9.810503 -9.789111 -4.527051 -8.040629 -5.312399 3.197086 9.555199 -8.116992 7.712336 7.379823 2.813829 -3.504039 1.150341 4.445758 -7.016103 3.694606 1.136763 -3.479811 -1.328842 -8.047120 -0.815578 -0.736141 -4.541223 2.226934 8.579929 -9.754119 -4.875184 5.812244 3.610070 -0.167811 7.773280 6.654109 -2.500880 -3.815526 3.645045 7.889542 -3.211841 -2.816972 2.508229 -0.880533 3.631919 8.573831 4.150497 6.063437 -3.205455 -4.022909 5.677151 -7.852786 -0.885675 3.304799 9.874103 1.858712 4.948004 1.324568 2.147848 8.315433 -7.248403 -5.018649 7.401856
4.891115 9.551213 6.094988 0.366796 -8.154141 -7.009672 2.768214 1.412836 -3.587017 -8.433917 -5.289994 8.962633 -4.664887 8.864491 0.118585 -5.224891 3.379710 3.480733 -2.846810 5.217284 -5.117976 0.554698 8.778132 -5.191208 -3.036740 -1.801766 7.727794 1.402562 1.390904 -5.791365 6.584086 -3.734906 -1.271929 2.417766 8.973267 -0.671810 7.217572 3.056961 -5.521933 4.463708 9.871666 -7.263782 -5.506384 -1.989019 2.458650 -9.236706 -9.969798 3.844599 1.038309 4.190842 9.079213 4.839455 8.507371 1.887402 2.254382 -7.600522 -2.859658 1.979198 0.262038 -6.284488 5.185750 7.911958 -1.648355 -9.282278 -8.578079 5.937063 1.478320 -2.412942 6.492444 -4.912742 7.732456 2.970915 -8.571749 4.828194 1.223475 -4.957627 1.274176 8.923549 -8.400148 0.202376 4.722625 -2.084574 -3.118603 0.229951 1.483812 -1.314557 -7.144537 6.243641 -5.258137 9.463890 -0.729540 1.297169 4.881202 9.325067 -2.040113 5.781318 -1.697601 5.187601 -6.612199 4.515603
2.085887 -5.841155 0.108317 6.536859 -4.993618 -0.690170 -0.509426 -8.674112 0.092860 -8.815681 -4.082034 -8.252586 -8.305895 1.874880 3.840039 8.423993 4.092880 4.326725 7.176060 3.631156 8.341708 9.826141 4.502329 -2.272737 3.791283 4.229021 -3.533379 -2.700443 -8.170781 -3.628168 3.675270 -8.010356 5.916540 -4.214821 9.510983 -4.819535 3.130708 -1.231426 6.582421 -8.626163 8.494357 1.169553 -2.180009 4.963549 3.169190 8.201128 5.361498 -5.020668 -8.380698 -4.831937 -6.360375 -5.354606 -5.888062 -5.610871 -0.067170 6.408006 0.021265 -3.295711 3.304739 1.167854 -6.459459 2.739863 -1.404418 -5.283221 6.825655 -3.502582 0.433230 0.336300 0.148880 -2.478943 -7.875939 -0.867877 7.111323 9.119183 4.315755 -1.268172 -7.464698 -6.545833 -4.213137 3.362933 -4.333481 7.517575 -8.526066 -1.587988 -9.864073 6.690441 4.480078 1.525457 6.038754 -0.854952 -1.179096 -6.458149 -8.335064 -4.614414 -3.870818 2.283663 -9.396234 -5.099132 7.634942 5.913937
0.742193 8.460372 2.727355 -3.099986 0.889219 6.527106 -0.614543 -0.744162 0.125880 4.684839 -7.895824 0.266090 -3.392244 -3.747346 8.709553 8.556337 2.117498 6.979061 0.476116 -3.972345 6.490079 -9.010047 2.846674 7.359876 7.432093 4.979500 8.559064 2.614034 -0.471827 -8.154197 9.169338 -5.412276 -8.139172 -4.922162 2.004210 -8.789679 4.473433 -5.511897 -9.474884 -8.120200 -9.713895 -2.143540 8.017664 6.875454 -5.385525 -7.453048 3.999043 9.793096 -0.232182 1.815286 -0.833605 -9.878142 -8.655866 6.718771 9.870971 2.678925 3.369071 -6.259139 -8.482093 -8.278441 3.112088 -8.547422 -9.736755 -6.772267 -8.634419 -2.127826 1.120635 -9.737613 3.947166 4.092431 1.315853 9.083560 7.743348 -1.997345 -5.314123 -2.841301 -2.186327 -0.253277 -9.635159 -7.457266 -9.523023 -3.240104 0.542877 7.530869 5.846569 0.945205 2.919130 1.426429 8.970520 5.885587 -9.892616 -2.168088 -2.837757 -6.213023 9.766220 -8.403547 4.059959 -0.226824 -2.971368 7.978218
7.171729 -4.156332 8.638832 -5.803482 -0.247058 -0.802307 3.014854 7.048521 -9.134005 3.296693 -2.727487 0.382176 6.050818 3.149057 -9.916266 -4.658899 2.509437 -7.147070 2.611369 -9.629113 -4.480241 -9.129817 -8.962542 -7.966679 1.496634 4.200666 -9.768199 -3.403286 6.788289 -1.178985 -5.088959 9.181690 3.093017 0.616169 -3.980349 -5.499307 -3.115988 9.797358 7.138087 -6.430912 9.706121 2.159294 -7.925352 0.813446 2.786869 -4.366397 -4.103650 -6.590296 6.788658 6.078733 0.883725 4.794267 6.659975 -6.640688 1.461684 -8.283764 -3.517314 -3.837361 1.017469 -5.740143 -5.601229 -5.407869 -8.751920 4.673559 -3.199580 -2.822822 9.905531 3.976944 -1.091973 3.033028 1.804178 -6.151523 -7.995947 9.862628 -3.826111 -9.995008 -8.981328 6.617832 0.313908 -0.088376 -0.298997 4.628352 6.020402 -5.974132 -2.833443 8.080976 -1.767644 4.979541 -9.318050 -0.588569 3.320088 6.410475 -2.212829 -5.001606 1.953085 -7.354099 0.674610 5.369218 7.277973 -4.572188
5.243346 -4.769634 5.877805 -0.032687 6.374493 -2.175000 5.189610 2.317005 4.990536 -9.358488 -7.320407 0.185054 -3.597526 8.759459 -5.003190 9.325373 0.698035 -6.277486 8.006317 2.745086 1.103640 -0.295051 8.882647 -6.036187 -3.665423 -8.541286 -2.790772 -5.433214 -1.306715 1.106076 9.558212 2.004756 -3.925460 5.351601 5.772994 3.408493 -7.173688 -2.113314 -2.766853 -8.468174 -7.060115 -5.284590 -0.389843 1.387537 6.218676 6.375725 4.577632 5.920115 -2.474794 -3.646080 2.524889 0.388159 4.289629 -8.699621 0.888380 4.376549 -6.037768 8.030640 4.347337 -1.002217 9.122744 6.567198 8.697030 9.990528 -4.107634 -3.435885 -4.335947 3.423948 6.091310 1.633981 -6.529376 -4.020815 -3.480984 8.270543 -0.555598 -9.735672 1.017926 -4.311853 8.945520 -2.839814 7.909936 -7.505262 -8.413313 2.601677 -7.714472 -6.426287 4.385990 -1.857137 4.999131 -5.661140 2.578534 3.547368 2.630856 -3.465644 -9.713287 8.963670 -7.386840 2.624888 -0.213879 6.222656
6.078450 6.809132 5.019697 0.893711 -1.380421 7.294251 2.445093 -2.956875 7.801029 -0.666465 -5.459086 -9.189556 5.265743 -6.918074 -8.682852 -9.043588 4.615123 4.162472 -0.644792 5.072325 -4.855749 6.921086 -1.247639 -0.609172 5.873480 9.145899 9.080434 8.581155 -5.055030 3.375523 -7.054300 -8.931035 -3.393755 4.373623 6.027615 7.578946 -4.838449 5.083451 -6.495386 -2.778055 -5.274140 2.412439 -5.179830 8.527878 3.126634 -2.083907 9.933054 2.387856 -6.872459 -0.600245 5.205957 4.822314 3.153192 -7.542415 -4.935793 1.915440 4.735185 -2.365209 9.335773 8.830803 -1.886455 -5.524437 -1.993429 9.680088 9.004481 -6.860064 -8.429466 -7.640860 4.565889 -8.840824 -6.237868 -0.304883 -6.825685 -3.831652 -2.450208 -6.497496 -7.132219 3.978031 3.942160 -4.793761 -6.469069 3.498755 -4.212132 -3.785430 -8.968469 3.671247 -0.737385 7.238416 -5.578363 1.662276 -0.246628 9.328182 5.881156 -3.739753 -0.922003 -5.227180 -3.226969 3.364220 -7.250909 -3.927563
-0.559708 9.730740 4.358677 -9.014174 9.960633 1.876032 -9.875870 -7.566436 -7.767614 7.555325 -1.987532 -7.619569 9.020627 -4.447294 5.772133 -0.481042 -1.666605 3.639011 8.051545 -8.457313 -8.704923 -7.158627 -6.123498 5.720673 5.384755 6.783671 -1.755995 -1.336308 -2.773978 0.667126 -3.239731 -1.686979 -3.011687 -5.532957 4.687094 -8.322064 5.368081 -0.385431 -1.237622 -6.507240 -9.809760 -4.606040 -8.853846 3.310104 -7.553925 0.864270 6.993029 3.499508 1.947470 -3.583904 -1.182358 -0.960963 5.951281 -4.689147 -9.153546 4.648066 -1.499863 3.123991 -0.886931 -7.133659 0.546199 -6.810230 3.553327 -2.012771 0.460181 3.271581 -5.478671 5.819069 -3.492433 1.084474 -9.272870 -9.391485 -4.682859 7.139453 3.182360 2.669144 9.611230 -8.136773 9.504418 -6.683834 9.969849 -1.440112 -2.561695 7.143230 -2.269867 -0.891918 -8.462584 4.420616 -4.771455 -4.222236 0.835698 -2.719937 5.805991 8.158313 -7.376806 1.050138 -1.494139 6.481469 3.882399 -2.406686
0.103179 -3.932138 -3.955625 -8.230524 -5.598536 -5.729372 6.851111 -1.383057 -1.553078 -3.419837 9.530701 1.920047 -1.844227 8.641284 -5.953925 -5.601904 -5.921244 6.276369 5.260730 5.685066 -5.072738 -2.526133 1.388274 1.908163 -6.396495 0.626876 -7.877842 4.245195 7.004137 -2.840490 3.901032 -7.107038 -7.591146 -2.132406 8.993355 2.799278 9.020119 -2.594105 3.003581 9.482491 -6.846327 -6.295115 2.403760 -3.214203 5.212955 -1.981454 -4.981932 -6.880988 2.673936 -7.953764 3.179845 -3.903503 3.816641 -2.812887 8.310507 -8.003710 2.699603 -1.400969 8.654162 3.538059 -3.590886 1.127639 2.108726 -8.378800 4.924596 4.030591 9.740000 2.616556 7.134185 -8.659405 -2.173510 -5.613489 8.856630 -6.751007 8.082534 -5.412018 5.908700 -7.593844 -4.800009 5.156274 -1.543461 7.726283 -0.162650 -6.057549 0.539132 2.679047 7.109447 -2.052179 1.008305 5.863936 -7.515979 2.961051 5.869522 7.624497 -3.578974 -9.400573 3.104368 -3.695399 7.307303 -3.707540
0.888745 6.351169 1.560838 0.882428 -6.343099 0.637301 4.070571 -4.948901 5.183390 0.781937 -9.932158 3.601542 -2.220808 7.586448 4.996714 -3.505260 2.021458 9.726554 -1.547487 9.701931 6.268587 -5.297693 4.732151 5.399918 9.403114 -2.030831 1.673478 -1.977675 5.134022 -1.203766 -1.222786 -0.855964 -8.098141 -1.357160 -4.189089 -7.378616 3.942912 5.165017 1.403055 -8.633869 -7.035936 2.407060 9.772350 7.451253 5.663973 -1.736045 8.234868 9.767018 4.270117 6.543805 -0.103426 4.795651 2.277881 -3.780693 4.724605 -0.835800 -3.529394 -8.182188 -6.965659 1.738067 6.273660 -0.848256 6.947577 -5.727186 -5.319711 -0.359033 -8.209049 -9.582212 -4.149399 4.959797 6.402752 -3.541405 -7.728678 1.592797 5.502994 3.545377 3.012138 -6.219276 3.746009 -9.326788 3.348299 -5.761024 -1.341886 5.402116 4.591459 -9.566391 -7.021385 9.834741 -9.354540 -3.789842 -1.076451 -8.294441 1.912930 8.696337 6.659528 -6.144351 -0.589907 -1.762359 -2.008715 -2.025800
-4.203907 -0.885629 -0.220067 3.458173 -7.026129 -7.191820 -3.168284 -2.253032 -2.427199 -2.712470 6.363047 8.266917 -6.144977 -1.070183 7.394412 -3.040490 -1.355580 -7.743760 -5.929484 4.573053 6.011519 -0.863144 -7.279308 -1.176048 -3.056492 -6.789620 -9.094135 -9.820873 3.473998 -0.517081 7.504859 -7.206560 -3.062509 -9.454741 -8.755604 -4.402589 -0.502822 -1.179192 4.526886 2.077030 3.854861 -5.664482 4.020034 -2.802333 9.669765 -9.697570 9.760505 3.647465 5.857272 -0.618809 -0.308266 8.514007 -6.827880 7.205584 5.615338 0.632745 -3.081571 -7.246084 -9.553207 -5.586028 8.858069 5.330046 6.459401 8.563967 2.587866 8.276137 -0.604019 8.694688 -8.429115 -5.086638 -5.431254 7.494918 2.379986 -3.577096 -1.963629 -2.723997 8.901480 -5.954835 -9.915355 9.916177 -1.300874 5.848639 4.422663 -2.801196 -7.792492 8.803809 4.560413 8.366679 2.906142 -6.117098 -8.392950 -7.910478 7.559747 -2.606333 2.001905 -7.099586 -2.179373 1.911656 9.806224 8.388936
0.050023 -5.742565 -5.958363 8.550181 -8.920844 -1.023355 9.147168 0.200003 -4.866972 -0.817736 7.960989 5.943253 -5.075588 -8.504843 -6.194680 -8.524943 -5.489821 -6.785626 4.844293 5.184356 -5.173738 -3.666160 8.601208 3.499271 -5.987212 5.378040 1.676393 -2.516656 -9.148250 1.383240 9.051473 -7.251562 5.515077 0.012936 -6.654086 8.003701 4.970296 -7.467728 -8.092364 -6.117692 -0.166991 8.912721 -0.290985 4.063413 0.556534 7.392846 4.141752 5.523747 -0.972450 2.599588 1.303171 5.658580 -2.901814 8.431832 7.197106 -1.974250 7.305382 1.395085 0.311431 2.525709 -0.141512 6.079098 6.299426 6.052371 -1.780014 8.337602 -8.017215 9.933203 -0.273392 -2.778683 -3.626574 1.716333 -2.987622 -6.728573 1.075413 -4.137738 -0.965860 -1.287075 -4.412371 7.549638 6.792286 1.106884 -2.132755 3.008750 0.511536 -8.230688 9.390153 1.574126 -8.423957 1.548603 -5.178438 4.197054 6.874899 0.832479 -2.613317 -7.247417 5.791378 6.799028 6.093291 -4.430984
-2.166279 -9.027120 -8.272609 -0.624429 5.449741 5.796045 -2.555807 8.560086 -7.012911 6.668577 -2.140215 2.803524 4.858281 2.798594 -9.181952 2.067951 7.076865 4.905669 -5.265620 -3.234547 -8.126517 4.441666 -6.793006 -8.118188 -8.108821 -2.804360 -4.766242 -0.356722 -0.235710 -9.445053 -2.947722 -3.649441 -4.336439 -8.782399 1.701462 -9.094470 -4.686134 7.123391 -9.890644 -5.127476 -9.973949 -5.293285 -3.180897 0.873433 2.954750 6.119727 1.988464 -6.526902 0.527427 7.736560 9.421170 -9.744031 0.328175 -7.442063 -2.715289 2.717399 7.892538 -0.608640 4.611082 6.687236 1.029517 0.597986 2.070014 -8.672878 -0.737371 -8.120433 -5.272915 4.287647 3.464093 8.619963 -0.685226 7.943176 1.525266 -9.021396 4.214451 2.663818 -4.252465 -0.210699 6.051717 -9.322377 -4.482782 -9.189384 -4.294150 -5.587841 -1.265805 -0.030759 -7.276295 -4.473406 8.258459 6.576306 -8.466553 -8.552176 3.344615 -1.301841 6.247837 6.817527 4.632382 -2.395543 -0.577622 -5.331628
8.782017 -5.052960 -7.635450 -3.099775 2.899991 4.067417 -9.643538 -5.964250 5.555467 -8.033697 -3.825543 -1.262461 1.355740 -0.922696 4.218480 6.889586 -3.876858 -0.692885 -6.876674 -3.950172 1.731449 -3.437898 1.428190 -4.530631 -4.593425 -6.033394 -1.944519 -4.904378 -9.061883 4.042274 -6.101370 0.509758 0.301214 7.270641 -8.948550 -1.313455 -5.189077 3.326573 0.918721 9.291388 -0.251386 -1.468251 9.765493 -2.028870 0.835202 -9.300899 -7.702002 8.912566 8.633022 -5.784560 3.433987 -2.123784 3.371059 2.613292 2.281374 -9.395651 8.522548 6.949454 -4.346840 -4.858339 2.441689 1.046898 -2.118159 3.511545 -9.223314 -4.601584 2.861791 1.683791 -1.967160 1.305519 -4.257192 -3.095363 0.359334 -5.077013 0.786803 -2.735006 4.288847 2.646951 4.152886 0.602538 -8.240164 7.760413 -7.143987 8.032736 6.767617 -3.803102 -8.782974 8.002631 -8.151677 9.680850 -4.656248 2.549614 9.392805 -8.816185 3.139382 -3.584392 8.595749 -1.338769 -3.070451 8.631769
3.416661 -2.922720 0.461820 5.665341 0.955785 2.167768 0.061374 7.884440 7.232454 9.059033 -1.182710 1.342626 7.612120 -7.903795 2.244036 6.799869 6.342460 6.421158 0.922378 8.071049 -6.557650 -4.841993 -5.225142 -3.844134 3.621456 -9.783010 -6.733067 0.435874 8.393067 3.432551 -9.655476 3.476599 -0.489755 -4.390672 7.104679 9.910085 1.340785 -2.341092 7.337332 -8.540588 2.739616 1.987658 3.583513 5.686571 4.797734 8.494110 -9.816147 0.478979 8.028942 2.759389 4.779612 4.470329 7.468339 -3.522019 -3.534657 -4.307904 -9.153028 7.173420 -1.539952 -6.075636 -4.957061 -8.796234 -0.116216 7.993817 -0.374294 4.327422 3.180121 -3.864468 3.653204 -8.540085 1.712297 1.621382 -6.090805 -8.272440 -1.712011 9.437290 -4.480608 -2.800795 -3.153039 8.018420 9.890811 1.995859 8.125654 -1.186859 -5.630765 -5.278664 8.331660 -3.079961 -2.004438 -9.669593 2.668136 5.541987 -3.528434 5.247325 8.440314 6.405760 2.743192 7.893211 0.201042 -2.379107
-1.233446 -2.268341 0.396457 -3.787522 6.751549 -2.663439 8.378650 1.087894 7.252805 6.461509 1.435298 -6.234766 -6.361305 5.725664 0.875352 -6.711204 3.517847 -9.655967 9.568279 3.544750 -8.346022 -6.050278 -9.270322 5.762521 9.942111 3.030819 -5.979483 2.722130 -1.624386 -2.503974 0.955594 -1.860919 4.286123 -0.161725 -7.092701 -4.422643 9.673864 6.800182 3.752950 7.373060 -8.347871 2.099238 -5.519187 3.874749 8.953800 -9.277459 8.940407 -6.473325 -4.780381 6.090354 0.623039 3.264671 2.354016 0.247977 -7.659278 -0.811995 -7.630703 -8.998870 3.333968 -1.439288 6.655152 4.901498 6.426024 5.283120 6.781770 -0.689661 1.341584 -0.571324 8.731687 3.941980 -5.484342 -8.921849 -7.358968 5.672053 0.557158 -8.615394 0.458249 -3.694084 -5.430976 9.233995 -6.093829 -8.576783 0.270531 8.384884 -2.403704 5.884710 4.469093 5.770403 1.159322 -0.509542 3.887618 -0.788396 3.393688 -9.507185 8.483901 -1.096353 -7.957075 5.625302 -8.642180 -2.498764
-0.334592 -6.618288 -4.860356 1.424598 9.145587 9.156192 -4.473293 5.454731 -6.650210 -4.622773 5.864913 -3.770891 1.398581 8.756099 -6.388987 2.520730 6.459698 9.628059 4.146909 3.053808 -2.283212 -9.125159 9.422888 4.159309 -0.870382 1.115102 6.264769 8.980975 -0.683594 -5.934223 -0.768656 0.476715 -0.807263 3.849878 -1.503587 -1.967636 -2.638241 6.616313 8.464249 5.319564 5.491390 -0.307618 4.398341 -7.379560 -6.644663 3.327985 -9.098802 -6.646273 -9.376533 0.334818 -7.120829 -5.602619 -3.595991 -0.136190 -4.410675 -1.500729 2.248211 -2.797157 2.506986 3.432469 -7.714699 -8.334694 -6.797583 9.720081 5.791308 -3.728130 7.262215 -6.083249 -9.716779 -6.611234 4.703394 -9.726631 -9.894464 7.637447 -7.733674 -4.110386 2.732147 -7.062014 -8.591664 -4.278741 -7.654030 -0.287045 1.993749 -3.906218 6.180989 7.432516 -3.946038 -7.995726 -0.528800 -3.069752 -1.790696 -9.044569 -4.376231 9.292585 -8.983036 -5.487863 8.709357 -2.642799 -7.745128 5.902269
6.272418 -1.229166 4.170762 -9.276921 0.733277 -4.760710 -5.956118 1.760791 9.182076 -8.522492 2.645917 -8.808443 -5.521606 1.840977 1.564487 -7.332014 0.048336 -7.098502 -2.199080 9.799838 -2.588876 -2.078625 -2.793978 -1.944685 -9.264757 4.300449 9.484026 5.338547 1.702126 -1.329905 -4.573635 0.217900 -1.179208 7.373989 -2.968583 1.186140 8.129612 -9.213535 0.535219 -1.906451 -9.687411 6.095853 -5.740899 3.115971 -7.202172 -7.110371 0.057524 -0.969203 -6.351387 3.153832 -0.281488 -6.568091 9.510193 6.683483 8.727056 7.400486 -8.386622 -5.572505 0.128703 -5.195986 8.009124 -1.294530 -6.354877 0.621634 -5.035358 -5.908578 -8.800027 3.544144 -9.831900 4.632552 -2.802371 -8.984559 4.875253 6.013243 0.429084 2.282044 -3.184293 -3.074451 7.499853 2.444290 -5.540935 4.595929 -3.349122 5.252701 9.250287 5.872056 3.929235 -6.764018 -3.574783 -5.809330 0.050499 -6.480578 -9.403186 0.354027 -2.525283 3.468973 -6.891552 0.418285 3.884077 1.976803
-5.386679 -7.735218 7.806430 1.395328 -3.973701 3.703739 9.547085 2.465751 0.834901 2.340875 -6.830858 -2.741387 0.090364 -7.042770 -3.388771 -0.189353 -8.560350 3.162946 -2.412656 -8.436398 -5.649766 -0.011919 6.334281 -2.398320 6.212859 3.659197 -4.697897 -8.828773 -5.273312 0.315901 8.218211 -7.088272 8.915305 -9.411516 6.418443 4.481162 -6.791804 4.046209 3.028624 2.252680 -4.558048 0.581168 -0.294853 8.510875 2.070671 0.780683 -2.773424 -2.418814 -2.598020 -4.441331 1.228922 -8.211258 -6.863831 -2.209722 -1.431177 8.232965 -1.282489 -2.254145 0.485715 -9.966730 1.312676 9.264807 3.671278 2.447257 1.625664 9.831938 1.955310 -0.582477 3.235550 -7.557555 -8.722822 -4.103844 -9.010891 3.745316 -6.035984 7.044255 -9.905889 1.963865 -6.301621 4.037506 3.868406 6.821756 -4.325612 0.784462 -2.582160 6.936477 4.060789 4.399488 6.763928 -8.437930 1.022384 8.001222 2.554695 2.159706 2.317224 5.147024 9.816462 -3.743887 1.595718 3.584020
-5.347150 8.400310 -5.766291 -6.610893 4.718121 -6.409103 -3.983688 -2.331537 6.976866 -4.298250 0.742898 4.648516 6.113997 -5.363267 -3.981094 2.575446 2.730932 8.011216 2.717061 -6.216970 -6.828371 2.233607 2.970023 -5.959688 -2.417509 7.241725 0.438991 -2.885923 6.897255 6.100193 3.677620 -4.592766 -8.578773 4.441334 2.723877 -1.576849 -6.039315 1.012400 -8.808415 8.879289 9.589002 -8.538432 -6.021287 3.127142 -8.367898 9.620318 7.302032 7.270709 6.142831 8.634124 8.167751 -8.715232 -4.955915 -8.502599 -6.345233 2.342759 0.366154 -7.733678 -4.642143 -0.676284 4.655656 -2.565976 -3.079202 7.352910 -1.873337 8.228888 -7.368666 -9.094881 9.147436 9.281161 5.015509 -9.701444 -7.900960 5.975104 2.792983 -7.761447 -1.649305 3.924577 -5.057085 -3.594268 9.868777 -3.492904 -8.736560 -9.559157 -9.564724 -9.629877 -6.163281 3.434783 -2.051572 -0.778149 -8.120690 7.844708 4.669065 -7.105323 -7.314442 4.288829 -5.277975 -8.471087 -8.170602 5.039994
0.234151 -9.024992 -8.300047 9.560984 5.285651 -4.372308 5.508134 -5.151168 -7.794745 2.708604 2.077663 7.408365 1.982349 4.381821 6.401286 8.590734 6.838379 1.342985 -8.101419 -5.201384 -9.078907 5.261740 3.901087 -8.350147 9.325061 4.216948 6.463327 -9.031487 1.111614 2.853105 4.570259 3.123956 -9.664995 -8.972010 -0.564466 -0.630572 -0.196988 1.741826 6.221184 -1.604349 3.742139 -3.471305 7.663565 -6.916560 7.706649 -6.574179 3.571854 4.425992 -1.999304 -7.000809 2.372609 8.116944 7.129220 -8.159101 -1.008683 -8.462990 -4.430630 7.251829 8.064682 -6.328038 7.102824 -7.687555 -8.601492 5.162197 -9.902041 0.513363 7.458720 -3.092349 -0.557331 1.227312 1.633075 -0.848234 1.964650 0.560840 0.648007 3.729685 -9.519443 8.946388 2.739140 -0.327592 7.062445 5.129341 6.892949 2.281898 1.730243 -2.264872 -4.028998 1.806583 7.001535 3.350065 5.568719 0.399035 7.185860 8.797479 -7.406487 4.731958 7.742425 4.191864 2.482964 8.901856
-2.407421 0.045224 -0.226403 -2.126548 -1.754367 2.247603 0.173781 -2.386908 0.372284 -4.829538 1.277062 4.727876 9.826895 -1.419772 7.581663 0.263471 4.876461 8.693542 -0.372434 -4.240675 7.371193 9.933296 -8.460862 -6.299991 -0.275242 -2.105866 -6.765608 2.984392 -5.006532 -3.678946 8.164186 -7.818727 -9.468690 7.334045 1.018177 -0.189693 3.842683 -9.570865 -5.779927 5.974276 9.383722 9.180276 -8.671233 -7.470797 -2.103396 -9.213504 -5.460123 8.509265 -7.870957 9.303045 -2.379414 -3.731142 2.274892 7.200366 4.830484 0.905766 -4.352986 -2.299234 6.656484 7.656772 -2.638690 -0.021575 -5.159078 9.332965 1.858069 0.316787 -1.314931 0.191368 -3.369864 4.332958 -7.777737 8.838994 5.288835 9.909040 -4.994287 -3.873031 -6.746102 -4.914253 2.979293 7.404606 -2.183218 7.244093 4.619589 3.620681 3.660713 -5.202937 1.637322 -3.677401 -4.339897 7.478687 -4.273418 -7.079281 7.801054 9.424853 6.272558 -7.621241 -0.010456 3.282385 -5.657718 5.837923
1.837433 4.247865 8.727119 1.641729 7.334274 4.351294 -0.473341 -2.170379 9.190297 -3.951309 -0.060255 1.872363 -6.913599 5.480715 0.657194 -0.631734 -9.794816 2.767384 -4.195517 -8.246313 -2.952221 -1.235502 8.062573 -3.263074 -8.170639 6.408315 5.412919 -5.374840 1.610108 0.268068 2.248452 -3.036188 4.854954 -6.903396 -8.618842 -9.458741 9.168229 4.796514 7.927260 1.533985 -0.258808 2.801917 3.954303 4.362966 3.873694 9.694988 8.690616 9.960225 -6.304498 4.869996 -8.642558 -9.725474 -5.712737 -8.210559 -6.648910 -9.312658 -0.320752 -5.644921 3.424154 7.225512 -4.506132 -2.174109 3.977056 2.359209 -2.690716 -4.762745 0.621058 4.384496 -3.416693 -3.157702 0.560208 -4.250583 -7.202870 -1.317997 8.987828 -2.756702 -9.653021 -3.581853 4.583087 -0.006841 9.961690 0.739263 7.102031 1.004364 3.719980 -5.470560 -3.464155 3.923548 8.958111 -5.738061 3.359268 3.662064 2.165974 -8.714510 -8.313817 -7.677833 4.660782 -1.989615 -7.679800 -2.893050
3.066046 -8.584140 0.225365 -1.272757 2.769183 -3.515049 -9.758950 -8.138140 4.628351 -2.310769 6.498916 -2.800943 -5.747481 6.003170 -8.420012 9.754950 -1.572969 -9.013749 9.995304 4.612991 -8.884763 -7.937891 2.232292 7.227144 3.459602 8.378317 -8.922756 6.595695 -6.276061 3.784508 8.336397 -3.009524 3.373400 -3.620418 2.413079 7.614150 0.333186 1.986550 1.485165 7.711508 8.876007 -6.412540 0.333036 2.201236 -1.227195 6.011289 -8.101339 -4.500560 -5.039909 -6.216919 2.523815 -6.671250 -8.429511 -0.880139 6.481796 3.027912 9.045311 9.522185 5.881917 0.889362 -2.074478 4.913229 -6.257239 -4.567918 -7.957580 9.799343 -8.081390 9.386050 -3.627243 -6.700971 7.038134 5.557055 -6.115144 -4.534106 -2.788048 8.198337 -2.182607 -5.853930 0.706658 8.832152 7.696348 -2.115987 1.993828 -5.362265 2.696832 -3.058826 -0.859252 2.939300 -5.732536 7.591499 8.495977 3.669020 -7.568094 -1.562067 -4.263099 -3.437288 -8.252463 -2.362686 7.095481 -7.083998
5.829121 -0.930754 -1.231838 -1.486498 2.923641 -0.082137 -6.059246 -2.574607 8.652215 2.153436 -2.690600 -7.700167 -1.781176 -0.260666 -4.730789 -0.780355 -6.810277 4.728233 3.806675 -3.869631 -9.865408 -4.208821 -6.508007 3.884266 -6.957904 -3.541840 6.488639 -2.776272 4.530541 -2.955287 6.837221 -0.696875 -4.071273 0.106499 -2.003015 7.675789 5.966302 -8.739354 -0.189572 0.253956 0.734089 8.108803 1.409731 -0.195266 6.551986 5.311065 6.061037 -0.616535 3.816907 -5.546607 -2.289771 1.540915 4.191084 -4.119503 6.570974 5.896503 8.151000 -3.461391 -0.600153 -0.439794 -1.608099 -2.278803 -4.259898 9.982736 -7.916182 2.923950 7.870509 -4.098009 -2.612849 -1.713930 9.121346 8.731123 -8.366234 1.768424 -9.726150 2.213786 -0.814975 -8.176649 9.511967 -9.009279 -8.973375 -1.185109 0.893144 -3.666112 -9.986619 9.935259 6.238285 -9.828822 9.042526 5.010178 0.468185 -0.325284 4.251862 5.388294 2.147413 3.966154 9.714063 -1.549223 -1.485132 7.619871
7.770268 -1.897322 -3.767681 -8.211176 -4.190971 -6.166138 -9.370277 -3.989444 1.261649 -3.232095 -4.168863 -6.554003 6.300311 2.836332 1.200007 8.663252 5.748305 2.407744 -7.457484 5.583074 9.405101 5.429336 1.898498 9.800564 -3.535404 -1.616496 5.406554 -7.678919 3.291010 5.146757 -9.218004 -6.627035 5.944224 4.166172 0.033279 -9.771322 -8.312480 -2.531540 2.697673 4.877691 -5.949856 -4.145111 -6.763459 -1.559268 0.307195 3.383649 -5.606867 4.927162 6.577260 5.030833 0.804438 -1.075461 -1.653858 9.557771 5.081267 -1.318251 -0.827211 -6.678393 0.291364 9.654381 6.158748 -9.554311 5.433162 -6.984657 -0.105528 1.153045 -7.540841 2.710946 0.700193 -9.557365 -2.878998 4.597459 -5.044351 0.711032 -8.453844 6.752869 2.158176 -8.548965 -9.607007 -2.347166 -8.330942 9.175310 2.681257 2.967786 -6.753046 -6.725645 6.995636 1.701568 -7.941484 8.068535 -5.244859 4.006470 1.604787 5.202925 9.552764 -4.867416 -6.919631 -7.385418 0.149158 8.011073
-2.885308 5.805579 -3.239613 -1.318721 -2.761508 4.857581 9.813398 4.956259 -4.500061 1.913374 0.883274 -6.345508 6.559205 8.030280 8.609864 7.894937 3.507246 9.445805 5.664530 -6.837896 1.444140 -1.698746 7.550222 -2.547968 -0.874158 0.701133 6.377872 -9.223194 -7.376127 -3.725168 7.258623 -8.958944 3.323678 -1.831351 8.204659 -5.548006 1.676764 -4.477231 4.099023 6.270765 -8.954336 -5.600753 1.635905 -0.972798 1.668858 6.750017 -8.337585 -1.782115 -9.367582 -5.366205 -2.228928 7.152972 2.326410 2.474229 -5.107236 -7.214143 -7.749197 -4.029282 8.069520 -7.884159 -8.776281 -3.045078 7.297428 5.524136 9.990093 9.739096 -7.880336 6.661424 -2.207040 -9.611328 -1.797414 3.358458 1.711344 9.350046 3.390338 1.493369 1.831589 5.699124 -0.715263 -2.992974 1.530120 -8.657568 -5.733858 -0.953254 -5.213174 -5.020259 -8.909323 6.367122 -3.674662 -7.166278 8.164304 -0.150011 9.723701 4.038645 6.537827 1.356962 -7.770088 -4.511130 1.123033 -9.781728
-7.275964 -8.292346 -4.514100 7.002212 -8.665947 5.802978 8.340320 6.317939 -6.300695 -3.921851 7.435425 2.447001 5.363010 -2.582692 -9.041184 -1.966077 0.066276 1.582400 -5.444587 -3.508184 -4.829863 3.276808 -9.544510 8.489722 -0.732571 4.728903 -2.987958 -8.862260 -2.508566 -0.280739 6.630349 -4.940496 4.786394 -5.232283 -2.486116 9.906030 2.071087 -7.320466 -6.801140 5.851547 -2.260028 -6.862287 3.974377 9.222945 0.497042 -8.277664 -2.050498 2.274543 -5.597384 -1.869496 9.973142 6.052001 -9.963402 5.956403 4.298836 -1.206898 8.937121 1.588537 -0.633604 1.384881 4.838237 -6.705247 4.802478 -1.200711 8.342590 -3.603505 3.010354 -9.209781 5.640093 -4.851313 3.249338 -7.157464 8.377789 7.652980 9.072710 5.545522 -4.134238 5.479051 0.725810 0.550999 -4.057853 -7.716644 0.681104 -5.633921 -0.510044 -0.917898 -8.691829 -6.870046 3.755198 -5.350705 -1.055029 7.475476 -0.508435 -5.874996 6.459902 5.267559 7.721305 2.005085 -7.561955 2.019138
6.476373 -6.036432 -1.989144 8.682453 2.528661 7.084418 0.009827 -3.680597 -2.382706 2.083333 2.005430 4.384990 0.397423 4.535185 2.938185 -0.920910 -6.976385 -9.745155 -6.576482 3.615485 3.771992 -4.296960 1.897888 -8.945411 -8.870707 -9.061672 2.021191 0.433636 3.386749 5.863849 -7.034529 -3.984844 7.538783 -3.564976 -7.233319 7.898766 -7.824617 -5.735329 -9.976450 2.594655 -3.197354 -8.192690 5.297838 -2.100081 6.632755 3.750785 5.020532 8.477370 -5.379822 -7.284784 -4.967751 2.134929 -3.240793 1.594994 -9.260130 -3.707163 -3.424260 8.952905 -6.003280 -9.084338 6.596291 -9.056579 -1.141758 -1.797595 2.707577 3.241714 0.116621 6.488685 9.092243 -7.676773 -0.822223 1.091856 -5.851647 1.371541 -8.080244 0.182600 -6.069815 -6.407698 7.838474 -8.267463 -9.725399 -6.349682 -4.220951 -8.214987 -2.931083 2.861139 9.359955 -3.214264 4.926393 9.204863 3.407108 8.210617 -0.191851 2.094091 -7.134960 -4.549543 -5.079879 -4.178775 -5.042435 -1.330877
5.596721 -5.661274 -8.593312 4.508288 5.643216 -8.695727 1.089829 -4.027866 -2.133138 0.753868 9.364000 1.731396 8.972269 -2.655155 -1.040477 -9.378106 4.849060 -5.145504 -6.456079 9.002238 5.500284 3.318497 -0.805204 4.978999 -8.770850 -3.611980 8.469329 -2.883645 4.187900 -5.317750 3.122855 3.998816 4.666738 6.898396 5.959898 -0.115625 5.664681 -5.801902 7.021977 4.903073 6.723212 -9.301401 -7.486045 -7.122629 -1.534194 4.187741 -6.258432 8.036784 5.428459 -8.692247 -6.038586 6.819184 8.375220 4.910540 -9.577726 5.060498 -7.061725 -2.984961 -1.482417 2.859089 -3.382950 -3.359139 -0.150695 5.361376 -3.082795 7.932033 1.626392 -6.566784 -1.754828 5.733646 9.410262 1.939069 4.933447 4.139275 -7.084384 1.692594 7.583548 -7.838669 -9.787234 6.252943 4.263356 3.150124 -7.352602 5.755758 3.533385 -9.916151 4.775498 -5.311995 -9.657137 4.241250 7.358002 4.107021 -0.990059 0.473086 -3.452694 -0.725794 -0.728055 -7.631146 9.834370 5.096440
2.128672 -2.598663 0.480579 9.388533 -5.542459 -2.545195 2.625931 -2.524228 6.390230 -6.365071 0.038602 -8.767542 -1.425624 -3.068241 7.866260 4.333876 -2.502254 2.915107 8.380132 6.171520 1.628195 2.949781 9.273213 9.331464 0.101417 -7.929053 -4.826219 9.863614 9.909069 1.842362 5.222792 7.243428 -3.693534 1.572716 -2.755300 6.493600 -0.383549 3.121461 5.267195 6.819460 5.640781 -4.192802 5.417427 1.333373 2.610785 -6.405079 9.260422 5.638455 -1.206839 -2.739718 -6.158350 -6.757648 9.118689 -5.032973 -1.028875 -6.742059 -8.125157 -2.311564 1.384522 -5.006796 2.662521 2.867439 0.515128 -4.190592 1.633897 -1.839863 -0.758275 7.915548 6.485686 1.301674 7.138212 -5.243344 -4.503836 -7.526077 7.207180 -6.400180 8.621234 -7.514382 8.849971 0.292631 8.105724 -9.060478 7.216983 1.221596 -9.106252 0.285808 6.211018 2.503884 0.627398 -7.524598 -5.199713 3.501197 4.445130 -0.606698 7.656040 -6.596549 7.330691 3.874161 8.541728 7.814687
6.651435 6.165134 -3.439644 0.788751 9.551421 5.221841 0.828395 -5.422149 7.907046 -8.109143 -7.615570 5.380524 -1.394772 4.509881 7.040412 3.229272 5.601791 7.903241 0.593648 6.217232 9.803949 4.236341 1.561291 9.594217 -0.108386 -0.965206 7.098985 -8.945561 -6.068566 -8.781442 7.498481 3.762804 2.937921 -1.161395 -6.393398 1.783499 -0.747867 8.777384 6.234527 0.909461 -1.413591 -3.074540 8.487704 7.760010 -6.511590 -7.241568 7.539532 -4.290804 -2.801158 0.948395 1.328161 -4.042779 9.920133 -4.515996 4.166755 3.666064 0.546889 -1.677777 1.583027 1.761098 8.045280 3.495712 8.631338 3.781422 7.837436 8.317585 -8.696995 0.570649 7.453209 -4.397453 0.070845 -1.455976 0.390286 4.571538 -2.294389 9.939208 3.523986 7.422530 -7.515509 -0.406016 6.597239 -6.188190 -4.435849 2.180546 8.863380 4.145684 -7.047817 -6.419756 -4.278460 3.966458 7.092271 -1.490001 1.622526 0.379057 -9.915002 -9.918019 -3.734956 -6.283745 7.126336 9.835517
8.243678 -3.953222 2.249121 9.117698 -3.533090 9.891344 -2.885933 -6.711963 -7.181782 -1.614940 -0.465562 -8.829240 -0.421838 6.121257 4.516857 7.242095 3.706668 -0.679770 0.881642 -2.047225 2.092859 8.898367 -0.550288 0.845470 -8.998980 -6.974669 3.297548 0.322997 -9.332996 4.612771 2.853076 1.777294 1.956076 2.494492 -6.640216 -3.521886 -8.505687 -0.433681 4.046078 8.639857 2.198208 -6.550635 1.867390 6.226099 9.449727 -0.500154 -2.086688 -2.620968 -8.754761 9.757295 -3.139070 0.566237 3.438248 -7.276248 -4.184584 -9.797228 7.411909 -3.680839 -9.522725 -0.638041 -4.469133 8.409494 2.771282 -0.963323 0.836913 0.287981 -0.755651 6.437029 7.223402 -8.662495 -6.109596 1.760661 -6.576968 -3.864851 -5.831340 5.421934 -1.814474 -5.318320 -2.824565 -9.293233 3.771483 -7.137427 -7.468630 -6.036223 -1.159653 4.981924 8.439671 -8.494629 7.512456 -8.167344 0.973967 -1.657890 -3.355093 -6.638539 5.346553 9.911850 -5.753492 -6.431258 -2.142019 -2.054448
-5.145278 -2.542929 1.217400 -7.970733 -9.926844 8.071521 -0.541743 -4.513417 6.408277 -1.009484 -3.787634 -0.702970 3.033821 2.727187 0.623367 -5.641620 -1.387308 -1.911531 6.564757 3.487158 3.257736 -7.045496 -6.313130 -1.705667 8.885789 -1.602514 9.382403 -2.046643 5.573194 6.635722 2.911519 4.094895 -9.535759 -7.496378 7.953279 5.464307 -0.381703 9.905717 5.344025 2.006800 -1.971554 -6.774079 0.786401 -2.423811 -6.482330 -8.410562 9.428297 -2.473753 -2.274885 -1.824597 1.356977 8.791600 7.132360 7.183273 -6.769326 -5.712705 5.667464 -0.853534 -8.666350 7.149906 -7.858790 4.607815 3.566787 3.587805 7.294034 5.101951 0.848082 -7.568348 -0.301091 5.847894 -4.816066 -6.808445 -6.777336 -5.065204 0.412241 4.729305 1.512623 -6.454351 7.114835 2.335997 -9.622361 -5.828847 9.060597 -7.820793 -4.929545 7.004216 3.743116 9.877974 3.190849 -6.538827 -9.658047 0.035978 7.065682 -5.695221 -4.101544 2.795468 8.652140 -6.871101 1.882428 -5.912341
-6.094644 -0.789799 -8.376148 8.859624 1.639601 -5.522587 5.818583 8.716810 3.148162 0.602141 -9.134255 2.077054 -8.716655 2.966380 6.948837 -6.598137 4.980588 4.129719 7.425862 3.081583 -7.475229 -2.072790 -9.676778 -1.296022 -6.123346 -6.451234 2.163767 9.251126 3.663470 -4.264343 -2.576755 8.361197 7.999427 -0.349677 -6.898856 -7.064542 -6.392509 -0.090406 4.233523 3.391937 4.653466 8.177958 -5.667418 0.873953 0.864280 -0.687967 2.970105 -5.716605 -1.407797 -7.640658 -4.899754 0.476663 -2.101504 -7.190320 8.613263 -5.847119 9.463623 -6.626370 -8.840606 -9.098958 8.444961 -3.467938 6.638978 7.419226 3.456200 4.356240 -6.411897 6.766828 3.306774 2.066133 -5.873881 7.490335 8.982001 -2.390373 2.716072 -2.040153 0.212377 4.730007 -4.398107 5.713022 7.108065 -9.259656 1.254918 -5.118305 8.737872 -7.512628 2.379174 -4.325071 -2.766096 5.035834 2.579741 3.713731 5.903732 8.396524 -5.424574 6.244343 -5.301755 3.936107 6.101620 -5.552972
4.300855 1.478240 -2.124951 5.055869 -9.006432 -7.186649 -9.570643 3.719229 4.846033 -9.701857 -6.925789 1.454941 -7.541596 5.333031 -5.155439 2.024546 -5.259546 8.876239 -0.458234 -1.165736 2.091623 -1.973471 -0.553082 -6.822388 -8.841398 -0.593095 -3.182336 -8.234682 -4.006654 6.274022 -2.529720 -0.259807 -0.582000 -3.990104 7.296782 8.795146 -7.506585 5.335884 -3.986291 7.552857 -2.996059 -6.710547 -1.877217 1.150878 7.493188 -7.218629 7.126131 0.975821 -0.801304 6.278563 -3.538748 7.153413 7.180084 -1.620078 2.741535 -6.721453 -2.096878 0.237018 5.959766 3.675727 -8.742730 4.202345 4.921081 -5.983698 -1.028980 3.836288 0.759063 5.282291 0.983282 2.827269 -8.110173 -1.286607 6.657777 8.609871 4.932463 0.104948 8.503635 -3.510407 -7.638658 -3.690574 -3.995671 6.706057 4.364727 0.695812 -1.936840 -0.702325 3.421965 9.396207 -3.856286 0.853400 -2.803491 2.495024 1.635166 1.481490 5.067527 7.283772 5.065632 2.457799 -4.891797 5.868865
-6.994390 -1.302496 -8.742090 1.663689 -6.564118 5.998023 3.016315 7.293580 -4.432148 3.769558 -5.691837 -9.530376 8.316450 -8.565461 8.261741 5.824567 9.304186 0.770086 4.697139 -4.661799 -8.292255 -2.893723 8.550013 2.420138 -2.681291 0.481795 -5.606871 -9.919571 -4.696868 7.955659 -9.432022 -8.598572 -9.619078 9.439411 6.631252 4.085870 0.307840 5.406163 -3.478797 2.194022 -2.216172 -4.935055 3.518275 9.689621 -0.588124 7.961606 9.755391 1.056327 6.509640 -5.206229 -5.855810 4.713349 3.439787 5.053139 5.538975 -4.711297 -0.005400 1.878623 9.175001 3.283923 -8.131806 -2.964404 7.236636 -6.568377 -6.272788 2.763598 0.114179 7.759520 -8.346457 2.913370 -6.725619 5.446329 -0.802942 8.962922 9.625866 -7.061467 1.993518 -9.109778 -2.184527 1.133871 -5.160509 4.490011 7.240662 -0.263708 4.403184 -2.971124 5.151562 3.573322 6.846681 -1.574959 3.083543 -3.560588 -3.572396 -3.023786 4.677011 -9.489766 -1.830740 8.545158 0.120991 -3.416496
3.552140 -9.865559 -8.068176 6.654836 7.821647 -7.625007 -4.601383 -4.703329 1.573481 2.152894 -0.446964 9.054249 6.527753 8.273389 -1.623494 -8.656938 7.650224 -0.398822 3.781116 2.569151 -5.320435 -3.686178 8.287243 0.260164 -6.719735 -1.488491 -2.475539 -9.678292 6.248267 -7.184616 7.658911 0.360386 8.867677 2.684269 -8.270954 -8.975993 -1.891985 2.741440 9.794761 -7.677124 -4.709575 -5.987122 -5.833783 -7.370175 -7.504449 9.304516 -2.447864 -7.214344 8.798960 -3.734042 8.477971 -9.010580 0.705135 7.813010 -7.264183 -7.566186 -8.122007 9.776890 -5.802779 8.544394 -4.979071 -1.876605 7.839109 1.882154 1.710559 0.240551 6.824165 8.800673 0.153258 -2.232807 9.212606 0.928080 -0.182553 7.981399 -6.998717 -7.255689 -3.616163 -0.353831 1.145623 -8.535830 -7.499831 -5.164761 1.759690 1.286894 -2.454989 6.700036 -3.266969 -2.360266 -6.316728 -2.399996 0.200047 8.681852 2.403167 9.491207 6.847688 3.060379 -6.103404 0.475863 9.986889 -6.111949
-9.422234 -1.896818 -4.260719 7.697857 -1.602194 2.330550 -4.065130 -6.627645 9.489215 8.086918 -2.785089 -8.354409 6.552571 0.122591 -9.359296 -4.465222 9.730446 -3.544571 9.738798 -3.067870 4.598805 -3.694133 -4.532918 -8.151534 9.869045 0.858402 -1.126380 9.455191 0.161489 -5.851458 -0.389432 7.182136 -1.171433 3.678688 6.623476 -2.926538 6.236801 -8.991009 1.967777 -9.582764 -2.089276 9.323998 7.124333 9.002096 9.426929 9.855693 1.066224 3.865598 -1.421633 -8.104980 -4.300847 -7.236856 8.498506 0.909711 5.699108 6.465537 3.633877 5.908450 -6.802905 -5.616370 1.785475 8.731091 6.195397 9.167463 6.968489 -1.009317 -0.293651 -8.637549 9.005725 2.263462 1.813973 -4.518714 -4.778283 8.890721 -8.954271 -2.321349 -9.186054 8.975874 7.920903 7.406746 -0.580936 0.616755 4.190050 2.314459 -8.977751 3.762918 8.132478 9.259340 5.800823 2.448403 7.916910 7.475673 -9.463937 1.811125 -8.964284 5.114221 -9.309285 -6.439325 -7.554291 7.067044
7.893168 -1.387339 2.394157 -3.737366 6.130107 -7.373115 -8.106946 4.955209 -9.215752 6.891162 -8.248514 -5.388471 7.115503 -3.863264 -4.078384 -3.727534 -7.473275 -4.130346 3.303092 -3.419411 -1.196453 2.655909 4.343786 6.463960 1.016793 9.829533 9.160186 -5.926372 1.089587 -2.867270 1.272224 -8.943285 -0.294684 6.571405 0.755200 8.295788 -0.266577 -6.028663 9.274167 -1.232142 -8.927295 -4.899546 -4.072463 5.164395 7.369102 9.253457 -9.145568 -7.468775 -4.821454 1.066031 8.937113 6.808085 5.923559 7.118085 -4.810437 -8.010585 -6.394099 3.714055 -8.536875 -0.077214 -2.913841 3.959515 -3.170145 9.658743 4.382492 -6.602506 1.637499 4.191656 -8.075900 -0.245850 4.797445 9.951827 5.718395 1.827321 5.474291 -0.649464 0.891636 -5.810096 1.536845 -8.500684 3.480750 -3.268455 0.279936 0.583114 6.408115 -1.850418 5.998291 9.793524 -8.940693 8.496740 7.640067 -4.303716 -6.629330 9.438262 2.142363 0.835325 -5.055077 -6.730328 -7.342468 -2.993166
-6.046424 7.718620 -0.500129 -3.449306 -4.485285 -3.524324 0.544842 0.383090 -1.054731 -9.955188 -6.787695 4.882276 1.057982 9.337623 4.023510 -1.503478 2.024835 3.860116 7.836422 9.499432 -8.035022 2.380158 -1.917382 -7.641817 -3.857768 0.964234 1.353748 6.790659 5.934451 4.336638 7.063097 1.823787 -0.073068 -6.279813 -2.130937 -3.792207 4.883787 -1.848853 8.211510 9.637490 7.469372 -1.247201 -4.744811 -6.181393 3.682379 3.145696 -1.337459 -6.519323 7.932831 -9.353858 -3.167554 -1.530281 2.226086 -0.843201 4.960600 9.510372 -0.809135 -1.720399 3.339393 -3.506963 0.136300 -9.426362 -8.181168 5.535074 -3.208779 -9.584445 0.742459 -2.371358 -2.233888 -7.761943 4.879294 -5.898136 -9.314254 -0.908295 4.691371 -4.889862 -5.720450 7.799426 -0.935502 3.278483 4.918628 -8.220462 -8.020155 9.469507 -9.264541 8.846499 1.328188 6.210232 2.748778 9.616942 0.763949 -1.336286 -3.743221 5.260146 0.794379 4.770050 9.445563 -3.927328 -3.922137 -4.961950
