Уточнений розв'язок (X_final)
2.500003527551321
2.500000890168457
2.499999952864711
2.500002481852932
2.499999977483101
2.500001611780888
2.500000026044385
2.500006730025954
2.500002079657833
2.499999957074076
2.499998452459133
2.500001058092386
2.500000059033708
2.500000944092844
2.500000002840520
2.499998976536326
2.499997162453723
2.499997249790075
2.499999421228413
2.499994824303670
2.499996590878637
2.500002181249133
2.499998288014194
2.500001535778314
2.499998840369330
2.500002909795418
2.500000222879418
2.500001492340099
2.499995130846892
2.500000690748869
2.500000114610804
2.500003353518111
2.499994002042542
2.499998399712438
2.499999426239017
2.499998195740697
2.499998138792747
2.499998752022174
2.500002740489972
2.499997102597773
2.500000835675517
2.500000922446666
2.500001321115281
2.499997843098872
2.499997675100186
2.500000479492434
2.499999525437176
2.500001921869371
2.499999851400902
2.499997348472481
2.499999389371751
2.500003018785030
2.500000615497584
2.499998770768949
2.499998463687756
2.499999933958369
2.499997798877849
2.500002327421097
2.499998321302767
2.499999852651056
2.500000651207614
2.500001997304777
2.500000608387987
2.499997675637470
2.499997519304925
2.499999759551534
2.499994523694273
2.499999508468634
2.500002055469718
2.499999505728464
2.500000928167255
2.499998793433917
2.500000274047858
2.500000226920622
2.500002695537841
2.499998869235143
2.499999361576899
2.499996224076341
2.499995795457566
2.500005868764752
2.499997081566370
2.499999613219134
2.500000474874995
2.500001367184831
2.499995598678010
2.500002754185829
2.499996774814613
2.499996174279167
2.499999669436261
2.499999531118631
2.499997433670706
2.500002236247554
2.499998689212118
2.500004754872992
2.500001527294655
2.499996698879044
2.499998354859969
2.499993224688345
2.499998638266407
2.499999386203268
