Початковий розв'язок (X0)
2.500003527561924
2.500000890169886
2.499999952853827
2.500002481857662
2.499999977504572
2.500001611810070
2.500000026034990
2.500006730066927
2.500002079661442
2.499999957068145
2.499998452461909
2.500001058099421
2.500000059041779
2.500000944107100
2.500000002834273
2.499998976529284
2.499997162409827
2.499997249793523
2.499999421217595
2.499994824291011
2.499996590856853
2.500002181256058
2.499998288020947
2.500001535791903
2.499998840378368
2.500002909807094
2.500000222884267
2.500001492349735
2.499995130835032
2.500000690751335
2.500000114598521
2.500003353541036
2.499994002018575
2.499998399714652
2.499999426218853
2.499998195733468
2.499998138782733
2.499998752025691
2.500002740482302
2.499997102572989
2.500000835696804
2.500000922455790
2.500001321139980
2.499997843080920
2.499997675091722
2.500000479474430
2.499999525441226
2.500001921878864
2.499999851387626
2.499997348459559
2.499999389383113
2.500003018796047
2.500000615513560
2.499998770779513
2.499998463698407
2.499999933954658
2.499997798866032
2.500002327419844
2.499998321280534
2.499999852661126
2.500000651201874
2.500001997308168
2.500000608384031
2.499997675621660
2.499997519288903
2.499999759550747
2.499994523666032
2.499999508465928
2.500002055485230
2.499999505731930
2.500000928153713
2.499998793450974
2.500000274045673
2.500000226931644
2.500002695565703
2.499998869217077
2.499999361573714
2.499996224039776
2.499995795430300
2.500005868806340
2.499997081568578
2.499999613228974
2.500000474863398
2.500001367202163
2.499995598632125
2.500002754203535
2.499996774792578
2.499996174267883
2.499999669455338
2.499999531112673
2.499997433682584
2.500002236276087
2.499998689205597
2.500004754904950
2.500001527310993
2.499996698881612
2.499998354844625
2.499993224641159
2.499998638273550
2.499999386188911
