-132.132148
-73.818037
-155.391051
-67.144731
-26.358734
-85.646950
-222.475276
-50.434035
70.333868
295.834410
30.161539
-101.849571
-114.300835
-118.579723
-119.867100
-356.103545
-74.129137
-50.105710
-185.406548
133.057955
-260.947278
-155.163551
-72.707299
152.214980
30.581348
-158.934930
-0.638807
87.939440
78.811394
109.092158
264.401455
78.946606
-2.913018
-71.092590
29.077212
-111.316343
-94.527173
116.794266
65.652140
-306.958851
-367.471113
-217.985966
-8.932788
-336.344154
123.353816
97.616360
86.510336
214.281243
169.065336
-60.757357
-85.243171
-312.893786
-98.927538
-112.546297
270.862000
-126.601398
-238.915873
105.349088
82.528450
127.491650
145.891562
-88.527928
-82.227133
-149.573808
72.737047
-17.239440
-145.526292
15.964485
71.319758
-38.348144
117.932219
-268.257119
-96.674519
233.282229
50.960343
-189.957322
-171.647675
-0.934397
-170.606461
233.680341
110.872585
-34.161282
10.558577
76.568950
-81.724606
16.258526
-3.606309
-243.031008
110.972173
274.712995
340.389146
-140.516376
7.096114
69.275810
59.758846
89.472491
-30.223744
244.414193
41.843394
25.936955
