515.273262 4.172322 -2.565606 9.803585 -8.925244 8.080045 3.026106 6.969706 0.340623 1.141254 6.195403 9.583717 1.350673 -2.371755 -4.744763 0.024390 -8.050717 -0.841126 -9.353042 1.806053 -9.599126 -2.523161 4.200861 1.004650 -4.511552 5.550431 8.805218 7.931430 1.221528 1.494102 8.292129 -5.279594 -6.181471 0.688860 8.219504 -8.299324 -5.505610 -9.747439 -9.263094 4.981784 -6.432675 0.663291 -3.449160 -7.351238 -4.237713 8.808359 -7.228924 8.110407 -3.084250 6.632602 -4.720322 2.167525 8.986119 4.379190 -9.254486 8.633882 -1.498622 5.321536 -0.080480 -6.448463 -9.673454 -7.609301 -5.856895 0.569413 9.643206 0.649065 -9.427154 4.853603 5.194872 -0.139985 -2.129919 6.595989 4.150243 -4.717472 -8.312235 -3.215872 6.973649 3.952931 -3.299455 2.608996 -9.054913 9.611373 5.178273 -7.166083 -4.516500 -4.307938 -0.472915 7.232190 3.955832 7.550730 7.615884 2.788169 1.774307 3.291262 2.698259 -0.232254 -0.857446 -6.068294 -9.570059 -9.082359
-3.691796 503.394657 9.674686 -8.326339 -8.459915 5.037939 -1.494481 -7.351895 3.433919 -3.527156 1.402642 0.431090 -0.422963 -2.931400 -7.244432 7.902793 -3.979883 7.775950 -8.559744 0.945067 -7.527357 7.453546 1.697047 6.647366 -7.117583 -7.512148 -9.020638 -0.745960 -3.821524 2.617562 9.256037 2.801317 -4.145054 8.489126 3.041328 -4.136449 0.675929 2.479819 1.487877 -8.466362 -7.542949 -2.471478 -6.719631 0.792534 -2.920983 -9.385950 5.452717 0.696621 8.139693 -4.908433 -1.053161 -9.825942 -3.232033 9.623217 -3.147453 -5.274962 -5.122527 -6.160074 -3.586033 -2.912069 -6.304816 3.486573 -6.236385 -8.892210 4.415575 5.261717 -1.376215 -0.873314 -3.543527 2.250659 2.165470 2.608135 1.826811 1.237967 -0.980301 -6.548985 -8.669028 -7.398490 2.095342 9.638857 -4.889810 6.106303 8.362852 -2.060341 -7.604988 -7.558814 4.147316 -7.867898 -4.732583 -7.730782 -9.684912 2.235127 2.802912 -9.608902 5.303259 7.197575 -7.478056 -8.094215 2.087833 6.918976
-5.001148 -4.539843 528.877817 3.258815 5.877880 -7.121776 5.204551 -4.807918 2.835897 7.412770 6.917470 8.501409 0.059111 -8.356548 -7.422198 -0.693163 -3.522381 1.284283 -6.343666 -5.179878 1.983387 6.962353 9.413302 6.353908 -6.848684 -9.302906 -5.662794 2.830714 -8.270636 4.636140 -2.535775 4.760470 2.520149 5.357788 -8.544279 -4.391257 -1.490707 7.513023 9.023857 3.141567 9.238914 5.360762 4.591245 -7.121794 -6.498639 8.684824 -6.896423 -1.294824 7.968470 0.752446 -9.211301 0.157415 -0.853782 9.039623 -7.328499 2.955552 -0.944413 -7.367345 9.441574 4.172733 -1.936383 6.707526 9.331787 8.551681 -8.480390 6.079444 8.006315 -9.279349 5.358150 -2.019379 3.096965 4.236482 -1.209800 2.629850 -1.099712 -5.935183 -5.091756 8.251679 7.102295 2.511763 7.173464 5.317009 -9.721382 -8.498818 -4.069712 -2.637476 -7.985292 -1.214302 8.833760 4.332710 -4.269600 0.964303 4.135370 4.395154 2.003779 -0.381366 -8.584443 3.621361 4.298208 -8.714239
0.505993 -5.794157 -2.344742 541.671774 -8.380924 7.166187 -7.131251 4.659134 5.245915 4.750947 -8.570195 -9.382906 9.349795 3.080015 -4.663613 -1.595664 0.916634 7.251369 -7.380202 3.106566 6.065036 8.940308 9.321482 5.597942 2.420045 1.603227 4.404907 -1.475878 -8.065153 6.286360 -9.905113 7.446623 3.174907 -8.017198 1.346665 6.041658 -1.508293 7.693971 -4.365302 9.104080 8.750550 -8.603706 7.761652 3.246268 2.126149 5.974902 4.299880 1.055710 2.051227 1.328555 -9.088218 -7.360197 7.426313 5.217664 -6.647344 -2.360201 -7.552524 3.839794 -5.211909 3.665459 5.335975 -9.071522 9.277748 -3.879159 -9.346310 -7.022703 -3.142147 -6.966265 -0.373529 -6.763671 0.197518 2.446100 3.287406 -6.893722 8.997001 2.545314 -7.881385 -9.994935 -5.355494 1.444323 1.519714 -3.954290 5.082264 -8.640719 -9.548986 -2.474302 1.334028 -6.850235 7.141677 -8.102024 -3.401669 -2.056508 -7.356400 -2.508485 -6.873991 8.183949 -4.947749 8.981974 3.487531 -4.352398
6.825010 -0.481160 9.188433 8.564327 477.221407 -1.696886 8.780338 3.435011 9.433395 1.384402 -3.722234 1.087529 -3.292536 -1.893474 -2.264081 4.853660 7.135184 2.862059 -1.214149 -8.424111 0.253947 -0.506231 -5.888896 2.648605 -8.617591 2.034937 6.857006 6.331719 -0.938266 -4.858735 -9.915401 -6.586469 -4.560913 -9.164244 -2.363114 -4.906241 -2.747779 9.943343 -1.555074 0.090576 2.870461 9.337323 -8.031992 -5.432048 -3.837710 9.385504 -6.117566 3.352785 -7.031909 -5.681236 6.785091 3.867136 0.383434 -8.557015 -3.999483 -3.179892 -1.794560 -1.587326 -2.340260 -5.367152 1.245564 -3.660722 -9.441233 1.429537 -6.216505 -4.892772 -9.402137 -8.640730 8.137558 -6.780776 -8.731875 2.772227 9.439190 -9.318215 1.113542 -3.562575 -0.386995 -6.085356 -1.980705 0.005827 6.404996 1.215536 -3.526939 -4.978410 2.864432 9.640162 0.849718 -1.350372 -0.673750 -2.483344 -2.779104 1.153177 8.768384 -1.395890 -9.864740 9.586089 -7.021450 -8.920243 1.289003 4.792633
-2.745553 7.984010 6.257572 0.436600 -0.908412 448.981591 5.174947 9.205988 -6.719825 -4.637738 2.598154 -1.671190 6.931600 -8.566463 3.761315 6.788237 -3.817981 -7.744097 -0.712258 7.534759 -6.237217 -8.834632 -3.256463 -1.924026 -0.655561 -3.274238 -1.631205 -0.988371 4.384458 5.187507 -4.495826 -4.637922 7.768335 -1.397477 0.661255 -8.186208 -1.315046 -1.092462 -9.739224 -4.645630 -4.332176 6.294975 3.816222 0.925164 1.365095 2.363675 -1.929215 0.699162 -6.244852 5.712400 -3.318724 -4.378448 2.553364 0.916613 -2.034077 9.010414 1.009400 7.220680 7.777858 4.088808 2.856789 4.924912 -9.377654 -4.078016 4.476315 -5.862797 0.141213 2.091597 -5.106560 -3.977140 -0.074424 4.298701 1.077530 -9.239588 0.365724 -6.512110 -8.624914 2.732336 -8.762380 5.751321 -2.452700 -6.365558 -4.436027 -9.132190 1.826961 8.641457 0.628597 -9.121252 -1.685103 8.990044 0.315724 -9.048006 -9.143703 3.365133 4.919904 -0.290942 -8.601695 3.412057 5.471866 -4.387616
-8.242553 6.008193 -0.810372 5.782464 -3.096870 -8.921190 519.308458 -7.362670 -6.350426 9.324099 -8.850690 -2.847780 5.496961 -7.080244 -2.316862 2.328063 -9.005901 -7.481116 4.993193 -4.920172 -3.853969 -2.421988 8.306864 8.882359 7.000660 -5.329341 7.144232 7.768893 -7.631263 3.742397 -8.722892 -4.479781 4.707380 -0.599872 5.552361 -1.002802 -7.961945 3.477421 1.679364 8.006483 9.428479 -0.660434 6.657314 -3.366162 0.701666 8.570575 1.446041 -1.261142 -3.787832 -5.170520 3.412558 -8.904004 1.618328 -5.647246 -3.350105 -1.049843 8.998343 -8.386291 -0.150288 5.874369 -8.968433 -7.659402 -0.993904 -7.691404 4.847037 -1.800558 4.128348 4.247897 -3.834942 -7.946534 -3.452046 3.924714 5.813914 -9.001020 -2.947186 1.040382 -9.551065 0.220722 -4.706767 -5.623606 4.709582 -4.810591 0.229793 -8.102395 6.317044 4.573909 7.917161 -3.075751 -0.264445 6.504922 -1.873261 6.024971 -9.937027 -3.272736 6.847928 6.989695 8.792905 8.872782 0.105296 -8.348417
-3.145247 -1.795121 -2.110138 -9.115157 -8.792086 -9.055652 8.645701 432.013909 0.504145 -8.404653 5.610154 3.294964 -9.461404 0.090754 -6.541047 2.196552 5.740833 -3.550307 5.420315 4.813229 -7.009061 3.379109 5.004753 1.957626 3.250783 -2.244670 -2.572281 6.173927 -3.200112 -3.406899 -6.249580 -2.501518 -4.798711 -1.049765 -7.168145 1.877379 -7.046345 1.608257 3.603921 -0.710383 8.780020 -0.518579 -1.478288 -3.391824 -2.506542 -5.995714 8.330601 -3.855144 2.905358 1.639711 5.963521 -1.776582 8.140418 -0.931435 -7.300557 -0.238860 1.046214 -1.389804 0.410963 2.884976 2.796310 -4.755175 7.024788 -7.249370 0.417030 -9.752952 5.469128 -4.069710 -1.473611 5.686087 7.000165 4.440129 -6.362800 7.200163 -5.884648 3.144978 -0.805245 0.061898 5.227519 -8.312674 -5.232048 -1.173027 -9.000692 -7.832415 -8.504512 -3.340263 0.377176 1.170536 9.377769 4.101760 -1.623080 -1.896774 -2.928728 6.358743 -0.414200 -0.922316 -5.490991 8.464183 -4.137494 -8.174467
-1.593166 2.114825 4.313619 -3.921367 -8.893148 -8.529317 7.790520 3.092647 461.399383 -0.138114 -3.077329 -9.677684 -9.135334 -1.203628 5.268181 3.799998 -7.220957 4.290897 -0.957503 3.111535 -6.261425 -0.423154 -7.278380 0.563069 -4.357422 2.824730 8.966384 -7.173305 -2.468940 -7.112094 -0.410218 -9.850497 -1.079441 -1.713917 -3.084465 -0.131420 -8.265041 0.507591 1.893137 7.014631 -1.685370 4.831060 1.969907 -7.903927 -2.062320 -2.233076 6.496958 8.552697 -1.156313 -4.091617 -6.273276 -0.994931 -5.597237 -1.547405 -4.488693 -4.031236 -3.892387 -7.703689 -5.904761 6.991195 3.123639 -4.734548 -8.359895 4.619273 4.198388 6.229258 9.616974 2.764041 7.710731 6.535070 1.707657 3.853300 6.034055 -8.571213 4.794809 1.673727 5.615185 -0.049360 -9.528973 1.021849 -1.169162 1.642285 -6.616270 0.214534 -7.234006 -4.342793 -5.968472 -7.618056 1.703598 2.308919 -2.596108 4.983742 -7.199070 -5.815841 1.090548 8.541382 -4.735617 7.923952 -9.527347 -3.996906
-4.963131 -7.859260 7.462310 -5.465762 -6.119795 -8.135524 -7.935591 1.806783 8.005632 523.363510 -4.832156 4.949688 8.279367 -3.084224 0.969223 -4.110005 2.220863 -8.568264 -6.833363 1.848032 -5.640513 2.269919 0.128332 -7.004724 -5.495383 -5.053155 -2.848199 5.173265 3.885360 -3.550416 -9.921457 2.020384 4.148797 -7.727816 -9.194917 4.288399 8.185857 8.792744 -8.927149 3.049562 6.505784 -2.988532 5.007945 4.683067 -1.954681 0.357945 -2.657005 -8.296999 6.183823 -4.788855 -8.086037 -9.813961 0.994892 5.150187 -3.507294 -3.922680 -3.687660 -1.121512 -5.731425 8.690664 9.705327 -4.718077 3.088389 -3.055208 -8.409085 -3.200238 7.595306 -7.592358 -0.975157 -7.534935 -4.052235 9.601892 -4.329837 4.272951 -4.211145 -6.244123 0.675008 5.064610 9.317118 -8.871751 6.690418 -4.857190 -2.150897 -1.315160 1.052099 -8.295364 -7.380771 7.079839 -0.716404 2.161067 -9.347317 -9.666603 -8.157989 -6.051856 3.914141 1.859273 2.008147 -8.836814 -5.185461 5.713844
5.467020 6.877174 9.216244 -8.475781 4.751257 1.444079 -2.877606 -8.564011 3.196621 -2.122803 526.258542 -7.274834 -1.927674 7.682700 6.776305 -5.014314 2.213574 7.586458 -2.390400 7.721513 -5.233721 3.930840 6.648986 -8.382546 -3.918969 -4.028082 -9.135719 -9.549734 1.492118 -5.322114 7.589304 -6.216980 3.722720 -7.238308 -7.424728 -6.186061 -8.535481 -7.289310 -2.024158 4.231514 8.540381 8.902144 7.961482 -9.779332 8.883427 7.815965 1.351498 -4.035889 -7.686997 1.155266 -9.747366 4.333998 7.382093 -1.347974 6.994391 -9.346394 7.421982 3.692893 7.661072 1.417086 -9.249785 -2.459244 0.324875 -4.712624 -0.335677 4.872316 4.101870 -8.291207 8.215101 -6.223908 5.545199 0.217359 5.340798 4.250025 2.850067 -1.415954 -4.409153 2.224746 4.692732 -0.939622 -8.138116 -4.377837 -3.521255 5.544207 -5.582285 2.087564 -3.647577 -6.653593 -8.193046 -8.934316 7.139421 4.527071 7.545851 1.216259 1.068791 4.741600 1.109338 0.320685 4.698699 -4.534325
9.975242 3.562129 -2.917077 -4.240308 7.380812 -3.612097 -5.938143 2.182347 -6.124784 5.922916 2.386163 502.540768 7.766041 -7.296127 7.766708 -9.883221 3.671020 -7.564847 -4.124376 5.166839 -7.438674 -6.487621 1.755685 4.073158 8.454251 -8.369978 3.437094 5.489640 -4.095658 -2.267740 2.495694 3.219297 4.164538 -6.545594 -6.562851 7.807506 4.631960 6.871362 7.213383 7.098716 -3.911861 -5.597068 -5.976437 -9.135128 7.200728 -2.895818 0.046832 -1.851944 0.487421 -5.604371 0.247499 -7.105540 6.680808 -2.509448 -7.841588 -8.799608 0.455311 -0.905186 -6.702181 4.250468 6.037447 -6.153436 -3.998870 -8.165551 4.281248 -7.508788 -5.033762 8.639497 -0.797362 -4.489308 -7.952037 0.158052 2.739528 -3.202178 -7.332456 9.135470 -7.239828 -3.207067 -4.226887 -1.032757 1.565276 -0.944798 -0.780647 -0.647032 -0.624877 7.175569 -4.686223 0.093412 -5.720005 -6.300254 2.898149 -8.967447 -0.440580 -7.300125 1.706247 -4.094271 7.739273 -9.416831 9.016009 8.453589
0.313058 -2.788938 -3.984498 -6.157291 8.268687 1.858375 8.504052 -1.410246 -6.629530 -1.842133 -7.584929 6.290689 499.045990 7.871843 -9.277873 1.010042 6.732129 -0.498043 -1.480102 -8.915309 4.187201 0.543533 5.216400 -6.790285 3.427746 -9.729956 -6.020632 4.863405 -8.159110 9.777023 -5.747082 -7.695195 9.857753 -8.344465 6.986251 -7.057896 -6.566135 -1.535213 6.187233 -6.676425 -9.074281 0.829132 -1.858602 -0.809614 -0.187135 -6.499931 -3.163344 -9.384885 5.835932 0.533368 -1.741006 -4.616946 -9.964738 -3.592225 -7.206263 -3.182227 -9.511574 -0.355007 -5.940738 -1.896445 -7.251298 3.676435 4.784791 6.534139 1.030621 4.580806 9.557256 -0.721223 -0.482361 0.760466 -4.382699 6.317430 -8.598571 8.251990 -0.787965 -6.197266 -0.140919 -0.298126 -2.920478 -1.508947 -7.718794 8.434533 -4.300173 -9.504860 8.704300 -8.546632 8.317607 6.852448 -5.832396 -4.464382 7.508458 5.099972 -9.230719 -3.582868 -6.972509 -1.018432 3.284768 0.813657 0.599194 0.457984
0.684425 1.370391 8.900954 -9.299586 3.192858 -9.777263 -4.619386 -8.229429 9.865956 -8.941663 3.080074 3.456658 -3.766189 476.546417 -0.166040 -5.954359 0.950470 -2.325634 -0.219612 1.682761 -0.931463 -9.765924 7.558951 5.605267 0.133574 -5.217917 2.193195 -2.022028 -1.307679 0.284924 6.498915 -6.063639 -6.229947 -2.099089 5.117862 -5.234055 -6.696215 2.957611 -3.676457 1.239149 -6.569865 3.657656 -3.740063 -5.036735 7.313560 7.866109 3.153322 7.760789 6.019998 7.033160 2.962682 2.579962 -7.386779 -3.085371 -7.534142 8.918915 -6.246166 -7.603520 -0.297807 -4.097125 5.073060 -5.095111 0.241149 0.550182 6.546599 1.894912 1.932275 8.321168 9.398846 -4.342176 3.096284 8.442459 -5.086825 3.440362 -1.226313 6.721218 -9.614809 -8.999533 -2.654935 -3.958019 1.237292 9.028997 5.222568 -7.059353 -6.800461 -2.446937 1.443139 4.895531 -7.770122 -0.631635 -6.597413 3.940595 2.965122 7.498592 0.436548 8.558989 7.875623 -5.202075 -7.847566 4.278300
5.962859 9.764727 -9.104709 -3.917769 3.537525 -7.280836 -8.839205 0.660666 3.551174 6.599359 9.830401 6.084927 -6.494000 -2.274398 563.417057 -9.123340 -8.163067 -1.601956 -7.995752 6.812557 -1.766699 5.620383 -1.312633 6.708522 -2.290791 -7.932989 6.491188 -6.998937 -2.676300 -3.804786 7.022022 -1.996477 7.769887 7.562977 3.377797 -1.720835 -8.211249 -4.883642 2.883434 9.688424 4.387722 9.175928 5.235230 -0.863629 8.141901 -3.540570 -5.425939 1.056426 6.711581 -3.145158 -6.955274 -9.682814 -9.074962 4.415147 8.193750 5.501388 1.005669 -1.703253 -7.580748 6.344900 -7.324659 8.036583 -3.648672 8.232489 7.217053 3.106535 -6.259326 3.892445 6.904930 -8.561568 -3.075688 8.664118 2.344764 -3.855074 -7.960841 -6.611117 1.575828 -7.875518 -1.190584 -7.593510 -0.014263 4.466828 6.367786 -8.654454 4.259022 4.042702 -4.232491 7.288376 9.994183 -6.894597 3.283942 -5.337380 8.766535 5.401412 -6.695055 -6.950175 9.627794 -4.333361 4.176676 -6.520824
-1.605096 8.762949 8.872823 -8.242645 -2.604971 -5.241599 -4.446659 -1.720856 -7.701330 -5.241726 5.938945 4.156469 -0.606121 4.213102 -8.716280 511.076419 -6.409491 -5.331576 -4.571721 2.341665 4.041160 3.130641 -9.896730 -2.049812 -4.914959 4.824161 -0.802839 -9.418187 -3.097411 -2.274739 -4.849189 -3.250341 8.983524 -1.853818 6.090644 8.704768 -7.209547 3.528822 1.553297 0.433994 -9.253766 -0.978802 6.044857 3.248063 -3.382712 -8.735974 2.742049 -3.504278 1.229651 -2.601240 -5.116725 -0.836744 8.803634 -4.734688 -6.234361 6.060400 -3.416026 9.500104 8.724672 4.926224 -5.863286 -3.435695 -5.391319 4.315699 3.388719 -3.655199 -7.742510 -8.994235 -5.000718 -5.954475 -4.591702 7.500625 -5.689811 2.766858 -8.085401 0.843208 3.164165 9.268883 0.498356 8.235550 6.788077 -9.786353 -8.941191 8.084379 5.437644 -7.672600 -5.648363 0.352628 5.239384 0.490409 -8.738346 -4.050850 -2.324407 -9.605045 -8.986666 6.678870 -6.778271 8.926409 0.106619 -2.036038
3.941567 -7.047378 2.501913 -3.606504 6.408234 6.532022 1.586343 -8.450030 -9.469746 -0.561145 -9.844674 -2.449755 3.835690 5.035012 9.079144 -8.952103 494.501941 -7.924043 9.101106 0.931397 3.308052 3.435816 7.986616 -7.205738 -6.241148 -8.664529 -9.010493 -2.085002 -4.886767 7.941335 1.495186 -5.325987 6.350240 -6.385639 3.624561 -2.247702 -2.566228 4.563585 1.362494 -6.345608 -1.557029 9.591036 -6.985130 5.368268 -5.665814 7.642633 -8.643020 -0.782941 -7.695137 -0.012584 -0.903074 9.531157 -3.489314 2.007277 9.263412 -2.346000 -0.312775 6.534256 -7.832151 -6.114326 6.965036 -0.290336 -7.256451 2.672233 -4.841555 5.278513 -8.545723 7.070210 0.838928 -0.955642 -0.879587 9.400083 0.800417 -5.978802 -6.640738 -6.485412 9.462648 -4.021314 0.617756 -4.519368 7.017666 9.870810 -2.300898 -2.262108 5.378044 -3.947195 5.715141 -5.012333 2.272073 -7.545205 -1.845595 9.482356 2.710015 4.146719 0.075239 0.086797 -8.138353 0.051613 -4.917996 -5.045557
-3.614665 2.729141 8.839074 -2.756280 -5.701652 -6.616722 3.777483 4.534685 -6.846721 5.740539 9.430746 2.241086 0.081195 -2.865380 -6.602697 -6.077767 0.035331 534.675951 -8.169952 6.735761 -5.364532 6.464905 2.358990 -4.020312 -4.267725 8.297100 -9.218511 -5.671650 -2.486815 5.293437 8.455893 -9.081764 1.341524 8.034504 -4.457995 -8.872251 7.803096 -7.311838 1.876391 -8.454043 9.918174 3.554586 -9.190726 -8.856200 -3.183239 -3.083656 -1.887909 5.856517 8.131079 7.031148 2.105053 -7.672208 8.243204 7.573868 4.413883 3.428968 -7.103457 2.975978 -8.334826 4.643669 4.633051 6.012550 -3.043251 -2.328215 8.443708 -5.675219 0.489144 5.851040 -0.261207 3.782756 7.758998 -1.648473 -5.763671 -7.149503 9.195621 3.573657 -3.228671 1.925431 2.715851 4.390439 0.163746 4.802112 9.247396 0.982220 9.059662 -0.853637 -3.744919 7.764567 -6.759514 7.120834 -9.734430 -3.059048 -1.943901 8.083677 8.151465 7.929118 -3.958995 7.282273 -0.971464 5.655437
3.567183 3.181593 2.663818 1.875937 6.212054 5.690096 -2.583385 9.728800 1.375098 -4.795200 -2.105701 -9.852097 4.024196 -6.218158 5.137149 8.507787 -6.308680 -4.155315 495.871826 -1.962363 -0.346500 2.929661 -4.538784 -4.696119 -5.954206 -9.396994 -7.139590 2.939907 5.632041 -4.132812 -6.483319 5.776880 -4.682568 5.023437 -8.738637 -0.960340 4.324941 -2.990571 -1.078385 -6.547675 -8.709428 1.912505 -6.135214 9.626335 1.910047 1.539494 -5.972582 8.470481 4.053967 -5.737655 -5.467152 4.012279 -1.236872 4.531214 0.206496 -2.912680 -6.868245 -9.439331 -3.587982 0.683897 1.070150 1.822883 0.710048 -9.544631 6.454505 2.885429 -7.911685 7.810191 3.696960 3.236278 9.168809 -7.070746 -1.935734 8.436276 7.762097 9.504811 -8.611700 1.999994 3.851692 1.433135 -1.994112 -4.132648 1.596366 6.581988 5.322219 8.757884 -9.145732 -5.583269 8.719878 4.452585 3.801545 7.236715 -1.480799 6.306518 -6.732285 -3.908537 3.372620 -4.508011 7.258922 7.265938
4.006903 -6.276473 -2.048623 -4.219465 2.184779 -1.455951 -3.836516 -8.613039 2.101921 -4.567452 3.760391 1.061079 -3.668577 3.590335 -6.857406 7.470810 4.492009 5.419129 -5.549095 461.165978 4.895522 4.245764 3.262808 -0.831547 -5.569871 0.432228 -2.068696 0.457311 -1.612119 8.286638 -3.812603 8.504912 -6.649887 8.964715 -3.582000 7.739005 -6.767694 -3.625230 -9.602284 -0.151818 7.770269 -4.159110 -6.660990 1.060520 -5.435209 -8.363273 -2.054347 2.499343 4.701776 -0.597922 -3.462704 1.879306 4.617014 -8.914983 5.190493 -1.413696 -9.255363 -9.340167 4.782000 8.154781 -5.529694 0.484100 3.555527 4.226838 -8.236899 -9.475397 -3.156053 2.989278 -7.956946 7.475360 1.948873 4.268729 -9.198932 -5.598759 5.883011 2.995190 -3.037809 -0.905566 -5.207964 0.914277 4.069362 4.313412 9.778481 2.471794 0.607601 -0.957274 -3.550902 -9.555251 -2.826895 2.702384 -1.507919 3.715624 -5.752410 7.285428 2.016962 6.186642 -5.222034 2.284399 5.028960 -8.072716
1.288506 -9.033487 7.758247 2.709823 -8.830055 1.203145 9.201841 4.886092 -4.669084 3.538490 -3.701346 6.562550 -4.259022 -3.863254 -5.515304 -5.601667 8.444904 7.198710 -4.999840 -1.858594 516.550795 -3.453270 -3.267209 2.969802 -7.765904 4.055580 7.984953 9.319883 -7.096663 -6.853710 7.325644 6.086620 4.349405 7.236063 -3.780974 1.718621 -4.121854 9.723629 -0.312821 -7.244052 -9.873297 0.021770 7.648969 8.218041 -4.831053 -4.458863 8.068395 9.652875 -0.102584 -4.772400 3.724064 -1.791138 8.992268 -3.778581 -0.231658 7.324373 -4.443787 -1.368428 8.053051 -1.224138 7.212461 1.258037 1.545421 5.974365 1.764117 4.235485 -3.636243 4.426526 -8.828935 -7.709143 8.455328 3.870821 -9.809250 5.791893 -6.064866 8.029647 -8.931658 2.531287 3.448511 0.294644 4.672626 1.816751 -5.022930 5.143794 1.636896 6.295114 4.997000 7.114723 1.808603 3.399394 -7.430007 -5.487375 -1.949279 3.728180 8.118833 -8.028687 -7.877763 8.962773 -1.359279 -7.231124
-1.059614 6.569488 -4.503030 5.941464 -2.222002 9.649526 4.666874 7.938191 6.140852 -2.220123 -0.925664 -8.466105 -7.657629 -1.959012 7.259788 -3.789661 -7.023648 0.907657 -8.897817 0.909270 9.428519 549.954671 -8.155086 -7.867887 -8.013846 -2.813439 -8.745668 -9.481727 -6.535736 -8.259481 6.303096 5.572088 -7.611175 -6.569498 -0.164576 -0.971487 -4.783081 -5.465974 7.192479 2.721620 8.450902 -2.202688 3.630393 -2.591361 -3.614955 -2.518156 1.904716 0.105828 -4.034552 -8.687443 -5.185331 -9.122473 -4.561704 -6.206718 -2.887891 4.895345 -4.109942 7.322634 1.776082 5.264246 -9.250729 1.856563 -6.348028 -6.781536 8.088761 -7.857795 -6.582545 -9.078886 2.543991 -0.621172 2.989987 8.756495 -8.313697 8.297446 9.955472 6.909532 -6.362180 1.725037 0.067484 -8.357038 1.968829 4.540914 -9.909948 -2.647291 7.777536 3.489030 4.394367 -8.603647 6.392888 0.016503 -9.718444 5.654182 -9.999988 6.562479 5.754504 8.504399 8.988808 5.442621 -7.785217 -1.606101
-7.277498 -8.163070 8.424311 6.866392 4.977056 -4.787617 6.337425 7.267965 -5.599820 7.452791 4.861816 -9.640337 -9.016751 -8.767217 -3.457148 4.255182 -5.519311 1.928346 6.273368 2.104627 1.478864 -9.237971 519.597092 -2.913359 -4.395887 9.045695 -7.106929 3.092484 5.497085 5.777103 -4.162966 1.179416 2.301712 4.589815 0.740857 2.329358 -7.359706 -5.574143 -6.759241 -2.380024 -0.227476 1.051374 6.268787 1.338494 5.377232 -9.861167 5.505523 -9.000601 3.514609 1.139184 -5.171536 4.123934 -8.766819 5.302142 -9.697971 -1.410297 -7.313619 -8.444924 -2.225960 3.916730 8.617709 -9.440096 5.828995 -2.308598 7.188513 4.877723 1.603821 -9.989574 4.915026 8.531370 0.291207 -5.391790 4.263452 6.937150 -3.749518 7.250361 3.910214 -8.423018 -1.744700 3.190419 -2.829268 -8.585943 -8.061292 -6.028328 1.973493 2.823468 -3.628039 -8.754738 -3.951479 6.741818 6.758110 0.554383 2.852701 -1.596336 -4.665390 -8.940299 8.129641 3.604009 -5.162833 -4.949089
0.222257 5.888587 1.616615 3.458854 -0.361811 8.063969 8.234608 -6.149540 3.720302 4.790513 0.902131 -2.714752 -0.154031 -0.773228 -5.775280 -9.947619 7.863567 -6.784308 3.967349 0.098105 2.147031 -4.216467 3.629974 510.701534 -7.218297 4.227487 9.200166 3.671607 5.800810 -6.150809 -2.502450 -2.186783 -9.254428 -9.433816 -4.256671 0.419206 -2.902470 -4.111212 4.729980 -0.095791 -3.027840 -5.963501 -9.535132 2.432030 -8.217653 2.437516 -9.947001 -9.731024 -9.401974 4.642484 6.069386 -2.138457 -5.489416 3.147738 -8.106778 -9.509040 7.170324 -8.638123 4.136507 7.188658 6.340414 5.213147 -0.135628 8.984225 8.906489 9.851572 7.998021 1.393045 7.764765 -3.052741 2.971615 3.269071 8.285380 -8.432435 0.204976 -3.735269 -4.562708 2.843018 -2.800908 3.514282 4.827840 -8.587427 1.544517 -7.468417 3.365845 6.648697 4.473803 -4.455124 8.410419 -8.511769 7.903629 6.532823 8.030367 1.097424 -2.036667 -7.969550 2.105431 5.230259 3.709357 9.057786
8.781084 -9.321980 6.178792 4.761486 -1.961857 -0.473220 -9.582828 -4.485790 -0.354082 7.917661 -8.312571 -7.701312 5.100524 9.522984 -6.380766 7.803155 5.297634 -8.568366 5.981736 2.169582 -5.671664 4.448421 6.726372 -4.746498 518.591455 7.267107 8.886717 -0.871215 -9.904034 7.105016 -4.160614 -7.343762 2.824858 -0.171697 -0.433394 3.398919 -2.123307 6.349734 2.010846 -4.823271 -7.975232 -9.243728 -5.003599 -1.645225 -3.432020 7.002652 -6.951574 -0.496658 6.254732 -6.331729 -2.358076 -7.168254 2.941985 7.704757 -7.375449 3.410187 0.652194 -5.730941 -2.860029 9.196125 1.389913 -3.684975 -8.331060 5.042850 -3.370879 -4.273580 -5.859902 3.698310 -6.469431 1.546041 7.042765 4.947239 3.245898 -2.411880 -5.721040 6.667691 -3.496886 -9.662852 5.177600 -7.755468 -8.835773 -7.563545 0.433270 -9.433268 5.683247 8.728477 -3.483987 -4.496100 -7.168854 -4.628149 0.313190 -1.787832 -5.778237 -6.826164 -5.889487 -2.824521 -0.240554 7.098571 -2.051246 9.149008
3.942381 -2.622513 4.077936 6.210481 -8.954159 7.255465 -5.593817 0.721611 9.035692 -1.301906 -5.946773 -9.991830 -3.634920 2.989992 -9.413470 -9.382880 -1.688007 -6.538589 1.529358 -8.671573 4.229693 6.319155 -1.649744 9.057292 6.674599 519.298941 -6.666636 2.082084 -7.664119 -7.414165 8.115210 -6.501100 -2.104844 -4.414298 0.963482 -6.703327 3.386413 -2.269413 5.462483 -5.417768 0.641019 1.286391 -8.678369 3.643701 2.674014 -3.486323 0.755148 4.738321 -8.896754 5.893583 -3.152111 1.081445 -1.052574 9.978023 6.519832 2.137051 -5.516773 3.908764 -0.901382 3.307366 7.739977 -6.510651 -8.315521 -8.844186 8.322449 -9.965946 -8.354305 8.695233 5.098387 5.786867 4.795837 3.247968 -4.650487 2.969904 4.553774 -4.856172 2.770443 4.242761 -9.405121 -2.592150 7.566405 -9.100380 0.036485 -8.130719 -3.307613 5.895507 -5.722655 7.056221 4.846106 3.990326 -1.042669 4.004409 7.542153 -8.777991 9.211048 1.691652 2.037618 5.365815 -0.637510 -7.455587
1.743104 -8.410876 2.933055 -0.068005 7.467988 5.198047 -7.385533 -6.645433 1.913685 0.799592 7.639117 2.047161 5.750875 6.011915 5.769933 8.849694 7.202475 -8.741167 -0.601489 8.596183 7.921936 -7.911397 8.884051 7.781028 8.570806 -2.511549 530.717669 8.487999 -3.374477 -1.232642 -5.726242 -2.544429 6.457848 -8.934333 -7.119324 7.285417 -7.096135 -8.952553 8.649873 -1.428527 -9.524423 4.895052 -9.082500 -6.705095 3.501916 4.659655 5.221164 9.325908 2.141032 -9.414396 8.929107 -2.921677 3.553763 3.016067 9.050892 -6.340129 8.513232 -6.407106 -1.906488 -6.261606 3.554186 -5.308717 -0.322637 0.774660 2.677309 -5.446240 1.323573 5.458545 -5.803685 3.847341 -0.210791 8.920878 2.315816 1.696368 -5.619752 0.094292 -4.121724 -4.026129 9.562093 -2.284766 -9.761145 3.386642 6.516384 -3.669256 -1.260796 -7.693005 -9.932749 7.764915 8.523348 7.357126 4.885646 -2.665601 -2.879661 -0.995618 2.295207 -7.904317 2.503049 2.797805 -5.762993 -7.702106
-2.504947 1.294152 -7.263654 6.472472 7.808925 3.403409 -0.920316 6.822359 -2.779300 -1.080175 -8.388248 -4.457542 5.473634 2.785566 8.771762 0.165654 7.032288 -3.658437 -6.739785 -3.106751 2.696080 9.331279 -5.760365 -5.565179 -1.874208 4.563216 8.253624 521.868623 0.365838 -9.830783 3.012558 -6.172706 3.632961 5.259829 9.927824 -1.226808 1.291926 7.603889 2.439198 -4.417917 -7.531130 -5.254454 -3.940423 4.104095 6.390545 7.285520 -0.310088 -5.992742 7.143856 -5.632515 -9.088184 -5.601455 3.334986 -9.398604 3.576266 -7.714157 -2.225098 -9.380513 9.791946 7.017242 -1.808712 0.042385 8.814154 9.414511 5.946112 -0.486044 -0.881960 -7.884217 8.845155 4.821124 7.163016 5.321276 8.452256 -4.538579 0.436417 9.330748 -0.057357 -3.553381 -2.190064 2.991996 8.183160 -5.494411 -0.478848 -1.492776 -7.144734 8.474212 -5.667683 -2.087199 9.389002 -3.944651 7.995143 -4.201128 -9.797617 -8.871468 5.790884 -7.978766 4.418533 9.383288 7.845227 -2.944154
-9.394618 -7.129173 8.497665 -8.676318 -6.460087 1.893463 -4.419877 1.309515 -9.092799 -1.468161 -1.809686 -5.933355 7.420065 9.419830 -4.945896 -4.601758 8.988980 8.960321 5.688178 -6.203603 -9.297290 5.623774 -5.292342 4.659399 9.294722 4.422385 -7.486768 5.457129 505.539372 7.879014 -1.700846 5.301807 6.385793 0.119469 3.068159 -8.689792 -1.941278 7.125395 4.753007 -3.114211 4.352859 1.651294 0.013441 3.781646 1.437750 -0.908740 -1.992190 -0.968945 -6.176067 3.023787 -5.798670 -0.155002 -2.262372 5.878511 -9.474429 4.145504 -6.338565 8.477903 4.247642 -5.360330 -2.165976 0.314640 7.775897 -5.152501 -9.817188 8.608432 -0.295513 -1.805557 9.454726 3.300124 9.807099 -0.076508 -6.334125 -2.460435 7.087079 7.710896 -8.500540 4.832564 -3.744157 -5.647966 -7.218394 9.299877 -7.444874 -1.025577 6.359750 -6.871638 -3.217026 -1.693674 6.245994 -3.248117 -0.882710 3.714952 7.589734 1.164413 -0.827738 -7.962575 0.446570 -6.344378 9.055949 0.001564
2.443966 8.512649 -0.826494 -5.050557 -8.597244 4.857837 -5.012804 4.146269 -2.695321 -4.657955 -3.486117 7.586015 4.464573 -3.648515 -0.076341 7.607730 -9.418136 -7.396283 3.190405 -0.707560 9.712212 6.488003 1.951792 -1.902571 -4.922142 -9.294525 -2.905262 8.812850 -9.173577 517.184658 1.471189 -6.229293 3.822155 -7.392637 -9.215813 -3.744297 -1.950890 0.495306 6.480014 -5.544741 3.097948 0.793660 8.695557 4.511727 5.347564 -7.707801 -6.244149 -4.354522 -9.060420 -6.932979 -8.418536 0.795892 -9.076131 6.815041 -7.794774 -4.784866 2.609287 0.993097 -4.815148 -9.847395 -3.970310 -9.552272 -7.695025 -6.290654 -4.557432 -2.098867 -8.695961 5.670942 -9.366766 4.556586 1.189730 -2.581910 6.409652 -3.875586 0.428298 6.907924 -9.562188 4.541183 4.228022 2.735056 -1.155527 2.300421 -2.829527 -5.411876 -8.132259 -3.145155 -9.757538 2.070964 -9.934542 9.111332 -5.435125 1.164415 3.941356 -9.327496 8.934871 -7.114687 -7.511570 3.381336 -0.175258 -0.316666
-6.560735 -5.094613 -8.378398 8.707602 -0.427923 -5.064837 -0.843448 -1.095814 -4.029292 -6.165702 -3.371594 -3.011232 -3.346294 -6.624569 -1.624682 1.777065 3.511183 2.783518 -9.166215 -4.956856 4.082002 -2.860246 -8.766786 3.314841 2.656739 3.090391 -3.392397 3.365660 6.537279 8.912466 451.147917 -8.466930 5.014503 7.177741 -2.263447 4.645237 -3.069848 6.944483 3.652602 -9.167937 6.129325 -5.306689 2.393143 2.016092 3.529149 -9.101642 1.145551 -5.958255 -3.603328 3.638952 -1.031469 -6.928600 6.055766 -0.109906 4.493498 5.245562 -3.160446 -1.356580 -0.224630 -0.865905 -7.233056 8.820188 -4.123437 -1.506582 7.117047 9.492790 8.308191 -4.371207 3.709684 -5.398277 -4.941635 7.656423 3.878435 -5.372551 4.936922 -1.971435 -5.480482 4.621155 8.306148 -3.687471 -5.416874 2.344158 -0.776312 -4.443170 0.890778 -2.724412 -3.539787 -7.408507 5.817949 -2.142872 -5.109941 8.210707 -9.180477 -5.521673 -3.041510 3.366378 -2.752877 -3.473191 -4.047964 0.028678
2.804065 -8.941079 -4.649803 -0.315624 -8.845288 3.693398 -7.577009 -8.437609 6.193992 8.370447 8.972756 6.792362 -1.648437 -2.538745 -2.534470 3.970486 5.672958 8.033778 5.564937 9.109103 1.144881 -8.509177 -0.757831 -6.031116 -6.099362 6.402417 9.100603 1.404918 6.720085 8.203311 5.741368 468.159681 -8.306940 0.227461 4.544093 -3.207411 2.563030 -5.426727 -9.997762 1.899061 -0.002409 -4.816434 6.018188 0.266781 4.625072 -5.989944 0.523026 2.273159 -2.823860 -6.145190 -8.444914 -7.940225 -1.090881 -9.599139 -3.073267 4.935690 -3.239960 2.856990 5.278790 5.612514 -3.141269 -0.005853 -0.937362 4.319965 2.276573 9.302086 -3.679560 1.944438 5.025998 -2.433419 -2.451078 2.473442 8.850935 8.124882 -9.118227 -8.608646 7.317385 6.086077 0.085625 -5.664324 2.204627 7.277719 -2.624861 -1.234209 9.021856 -0.497638 5.667848 -3.660419 -4.749177 -1.871788 1.706248 -1.447388 2.512608 -7.264114 8.518732 -3.455158 2.162376 -7.315743 -1.033992 0.124105
-2.328414 -2.246162 2.409081 -0.628958 1.241161 5.522446 9.464811 -8.394412 6.893010 -5.835446 3.597776 -9.036888 5.549908 -7.371177 -1.868674 4.073884 -6.369457 0.912727 -8.815047 -1.150800 6.682670 -8.537846 -4.612254 7.405864 5.016635 5.142337 2.756152 -8.806067 -7.544066 0.727086 -8.990583 8.242219 516.753842 1.539209 -7.037319 6.825791 3.371942 1.443604 6.765803 -9.321631 8.860015 -2.429760 -1.172210 -8.571767 7.396492 -4.970004 9.540112 1.223926 8.947939 -4.362699 7.400387 -2.382952 7.768750 2.236590 9.533429 -2.144111 -5.518412 5.730143 2.799780 -3.795115 7.444156 -0.415256 4.091742 6.301577 -5.797637 3.005102 4.411394 -3.863451 0.096447 3.448159 -7.560299 5.211389 9.290682 -7.155556 -0.350042 -7.279089 1.753558 8.155395 1.848987 -3.569746 -7.790492 9.723430 -0.161993 -5.122748 0.449289 1.796331 9.229711 -3.234112 7.927358 -3.502629 9.272358 3.125223 4.929283 -1.136790 -9.391140 4.469202 8.242458 -6.073159 -5.838984 -5.972356
-3.745073 2.182059 0.327093 1.881638 2.086787 -9.870964 -2.734591 -5.919869 -8.963319 -3.428412 6.338038 -8.334502 -7.600996 -2.793400 -7.754199 6.988044 8.069829 0.817727 2.974757 -7.642069 9.314445 3.306677 0.867922 -6.188816 -2.877039 6.367770 -5.975496 4.405981 0.559675 -2.438253 -2.657932 -8.422183 9.694373 501.737966 4.776333 -0.830199 8.826336 -3.612212 -8.221273 0.084463 7.119227 9.159064 -7.803634 7.906505 -1.214987 -7.283236 -8.000241 3.523319 -0.641521 8.078057 -5.015581 1.749017 4.318913 8.907553 -6.855866 2.934175 -5.955811 4.939527 2.625413 -7.117598 -3.863845 -7.231126 -2.731022 -2.971181 1.003273 9.327995 5.236451 1.533221 -1.938058 -7.294501 -1.365294 -8.593238 7.607765 0.133111 -8.304049 -2.925327 -2.890595 0.833503 4.937616 4.386430 3.240539 -6.809537 4.795718 -8.183807 -1.202453 2.513680 7.607525 8.142635 -6.281708 -2.526168 6.407724 -6.778331 -8.940039 0.395296 -8.733033 -3.947435 3.960254 -6.030861 -6.148924 3.399027
2.039774 -1.333042 3.097299 4.548308 9.423268 7.835714 0.536840 2.194192 -5.827242 -9.259771 -0.286704 -2.509676 -7.392272 -5.836419 4.365090 7.722117 -7.385840 8.688903 -6.725379 -8.148276 -5.198716 -0.120525 -1.732633 -1.124605 4.699759 6.849665 -3.396145 -0.391323 -7.886410 -8.659786 2.899225 -6.423568 -4.923912 -6.426553 485.254806 -4.111312 3.676990 8.758446 3.312514 8.051737 7.120480 -4.386705 2.835553 4.495422 4.520975 9.828156 -0.548363 -2.734153 2.729847 0.642661 -8.569559 0.705465 5.412594 6.130010 -3.889839 0.703457 -8.604579 2.075636 -1.424597 1.972340 -6.953561 -1.870216 -9.532807 0.042022 -8.351824 -1.914202 9.722027 1.350519 -4.012607 0.660839 -3.023411 6.250796 -6.284231 -2.946701 -2.468206 -4.902778 -6.075929 -5.110410 0.000266 8.522576 5.915710 2.214288 -4.884041 9.206032 8.505422 -1.868600 3.365580 5.339972 -7.382583 8.719451 9.030587 -5.337725 -9.969626 4.564796 -8.178739 -2.768359 0.117962 9.819925 5.146608 -4.479657
6.708408 -7.962021 6.593309 -8.346676 1.599486 9.924810 0.494179 9.040955 7.877432 -6.272186 1.171369 4.805385 1.727705 5.335102 -9.063568 7.067128 8.538541 -2.906841 9.724439 -3.552224 6.266417 -4.985775 -4.013918 6.858250 2.782893 -5.930571 8.922064 8.371186 9.741499 5.241571 9.070893 8.377183 5.061966 -3.977847 -9.861403 506.370416 0.186210 -1.561518 -1.345448 -6.419953 -3.919549 0.810791 -1.609461 0.093527 -0.765414 -4.251311 -0.764776 7.331206 0.194880 5.450941 8.917239 4.535361 -2.287044 -2.845791 6.993328 5.985203 -4.688342 0.498450 -0.169201 7.523608 7.301875 -9.089017 -3.357474 9.772793 9.527900 -6.386145 -2.617803 0.928115 -6.861619 1.357253 -3.225558 2.587795 -0.552349 -9.764142 -2.920105 -7.157733 1.749593 6.450213 5.090433 -9.032866 6.595565 2.430323 5.138668 4.801443 2.450666 -7.691976 -2.406170 9.186051 8.709639 7.405171 2.690295 1.025203 -9.447909 -5.947110 2.901591 -1.886669 1.386966 1.401985 8.029453 4.821054
8.020092 5.886900 -5.022221 2.769236 8.022315 -8.356303 7.806559 1.595998 -1.888326 5.038037 8.826264 3.993316 8.053140 2.845075 1.066048 -8.428669 -6.696516 -4.408510 4.219734 -0.321266 7.381776 -5.594249 -3.237336 6.715474 -6.976990 0.715669 -7.960847 -6.469826 9.714704 7.831641 -5.523731 6.198978 -3.775582 3.702282 6.001156 6.176920 482.452592 -6.715862 8.991235 2.269884 -0.581788 5.523940 -1.927434 4.650663 -7.407788 -4.489576 3.301879 2.842106 7.555038 -6.314877 4.599536 -0.672906 2.711224 -2.681091 -0.995278 -7.469709 2.355018 -3.262161 1.859319 5.979559 8.923827 -2.168651 -6.047624 9.568556 5.365290 1.519955 -6.573699 -8.975589 -3.285367 -4.741947 -1.997507 3.612363 2.736182 -9.678465 1.073255 0.446195 -1.825929 2.778824 -8.272481 0.926754 2.534406 0.645223 -1.495725 4.781118 3.275790 1.628433 9.204864 -7.997723 -7.688962 -9.647758 6.380366 -3.678125 -7.285103 -6.893200 -6.957119 6.367414 -2.762729 3.238866 -2.954348 2.806948
-3.626839 8.496735 4.995181 5.759597 7.817722 2.729305 -5.197194 -9.858826 5.213445 -0.934675 1.488835 6.472583 -7.035125 5.643967 -3.288155 -6.386211 -6.065627 -9.771065 -6.883663 1.616876 -2.783566 5.548609 8.491978 0.465610 -0.488614 9.702233 -5.701353 -7.023457 -5.253843 -9.663423 7.348972 2.227455 -1.273286 -9.309886 0.465967 2.255565 -1.371279 484.866097 -2.196838 -6.410687 1.431537 -1.686656 -6.332248 -0.627111 3.507605 4.935039 1.363288 -8.971062 3.386915 -2.705683 8.893570 -7.270794 9.602413 -4.587985 1.176172 0.220876 4.054766 4.821326 -1.432788 -9.282877 -6.500905 -7.709153 2.319766 3.865182 4.090702 4.165228 -0.722546 -7.230781 -1.642165 -5.880834 9.525233 -3.721224 0.172313 -7.433988 7.667507 7.165840 -9.321006 0.789466 -2.037644 5.687556 3.496767 -4.581765 -9.988056 4.110381 4.256127 4.227891 -2.682702 -1.226261 7.001314 2.973520 0.333899 -1.357839 -1.752882 -5.029244 -5.696811 7.636891 1.719057 9.699964 7.711178 9.707056
-3.110109 -1.413719 -0.699236 -5.696326 7.283925 -0.547824 7.801492 2.693630 -4.607465 8.049845 -7.543251 2.522795 -3.853476 -9.842306 -6.231507 5.010355 -0.950037 -7.666536 1.016491 6.256430 -3.931658 9.159734 5.516647 -4.471360 -0.929343 7.115521 -1.571675 -4.414040 -2.855149 1.532007 -1.154464 1.129250 8.272844 -2.170956 -4.289456 0.621519 6.390131 -3.365202 449.861019 -3.239301 6.721701 -2.806957 -3.594982 3.900328 -1.224748 2.583648 3.278083 -0.920196 -8.287192 5.605066 1.885003 -0.395898 -5.408208 -1.443703 9.949641 -4.714308 5.683220 -5.947154 7.278830 6.016796 -3.960984 -4.504677 -0.149456 -0.802036 -4.242653 6.711375 -6.382508 -7.772457 8.448507 1.479298 6.172012 -4.894485 -2.390037 9.828921 -6.813650 1.052755 -6.811649 8.566993 -5.046385 -7.213580 8.818216 -6.707942 -3.505761 5.879890 -0.836170 -3.349893 -4.021000 -1.166996 -9.967193 -1.903324 -3.589076 -2.609835 -5.768249 -4.774221 1.845869 8.976550 5.863960 2.927966 1.298151 -2.099139
9.770634 -8.063088 4.454406 -8.198347 2.155342 -1.648153 9.700227 -7.414505 6.648661 7.447900 0.651024 4.903920 -6.013949 5.740456 7.386676 -0.695030 1.893504 -2.181415 3.953222 7.642713 5.392506 8.846242 -8.345593 5.722386 9.427369 7.816762 6.663720 9.404626 -7.216863 3.199143 -2.139128 -7.851299 3.910299 -4.101918 -0.128327 -5.820513 4.813636 -8.240996 -6.335778 582.294715 7.076337 6.722571 9.582162 -6.747916 4.027091 -6.008943 -6.826475 8.945613 3.530304 -9.908250 1.278870 -7.369394 -6.781593 -4.022101 7.823167 7.661584 -6.703090 -8.148585 5.320655 8.818889 7.203052 8.718970 9.019171 1.576187 3.787603 5.568330 3.252734 9.959174 5.316473 3.463178 -6.377606 -6.122153 9.527169 -7.087863 -9.388256 -7.820561 -0.163552 -3.000890 0.428567 -8.602248 -6.376832 1.929547 4.823263 -7.368337 6.184799 0.937840 9.265653 6.626159 4.088868 5.079270 -7.671331 -0.382296 -1.702608 -8.255433 -3.756298 7.269089 -0.366548 -8.291569 -7.171301 -5.665203
5.932474 -3.633220 9.224829 5.263071 -0.028260 0.252986 -8.096427 -8.250498 -2.189418 3.698599 0.482607 9.980812 6.972907 3.061858 2.630981 2.185265 2.147901 -7.862966 8.981530 3.182328 9.648301 3.684287 6.145458 0.077328 -0.922883 -3.202229 8.654296 1.347627 2.700179 1.554803 8.104633 0.620878 -1.340773 9.461930 -4.385644 1.773114 0.260607 -3.539827 -8.755909 3.481455 447.706864 -6.463594 -8.524549 -3.976527 2.706894 -9.077880 2.833854 -0.404883 8.366027 -5.047815 -3.370366 -7.063795 -0.155321 0.265526 -6.361566 -3.508592 2.114272 -1.102371 -7.879704 2.661860 -3.501664 -5.867195 3.836298 -8.135762 -0.228350 5.697845 -6.277675 9.136478 6.366854 0.701785 -4.645000 -1.475307 -7.654535 -0.068762 -6.315883 -0.090671 4.975227 -7.917703 -8.806764 8.207460 -7.856642 1.854879 9.919279 9.039897 -6.374290 8.016027 -9.494067 -3.823985 1.739212 -3.808116 1.823738 0.749533 -2.882413 -4.166492 -4.942004 -3.260713 2.485511 -0.903921 2.228777 -4.233447
-3.390912 7.576311 -9.633275 -6.245007 2.514990 -6.552417 -7.185055 6.367686 -2.954163 1.684763 2.337879 -4.023675 4.998731 -7.896820 2.477666 -5.600942 9.297640 4.910433 -8.927935 1.450672 -5.566746 -2.362380 -3.541658 -5.646603 -9.514348 5.273825 -3.649886 -9.491173 3.910072 4.671924 -1.917975 1.327586 -2.489376 -9.886075 -2.498662 6.655738 9.223515 -0.461215 -3.262642 -8.175373 1.112885 492.754950 1.826609 -5.436068 4.393389 6.649747 2.906850 7.743037 9.904502 2.519898 8.795973 -3.194397 -1.387525 1.198616 6.879451 -5.460529 9.659712 -9.046397 8.932639 -5.376645 7.918324 4.148068 6.223240 -9.177670 -0.178350 0.754122 1.313503 -1.241241 -1.663975 -2.999644 3.695278 5.532158 -1.305363 -1.657625 -2.723465 -6.552548 6.534951 -9.396815 3.161122 -8.219502 -2.338064 9.444146 6.517617 -7.639778 -6.385754 -0.996538 -8.803825 -0.008129 2.681645 -5.097565 -3.315466 -4.716524 1.177861 1.953753 7.683432 7.248017 6.050890 5.559502 4.098261 4.384533
6.841656 -1.870932 9.868057 0.933903 -7.188573 -2.831680 0.312444 -2.293325 -2.751642 8.205398 7.486009 8.615298 -2.952678 3.913050 5.457214 -8.564727 2.686624 2.917262 8.569537 -9.008915 -7.932620 -7.785250 9.064392 8.192464 -7.634030 3.648507 -9.239801 6.857592 -9.087164 2.255345 -4.303959 -0.758675 4.455435 9.817469 9.174879 3.465408 -0.815186 -0.479725 7.367105 -6.488631 0.553081 -2.597622 555.942601 8.399710 3.061375 1.076040 -5.292609 4.190931 2.505545 -7.828944 -5.911489 -5.304667 4.194892 3.125584 9.793336 9.730332 -5.867688 -8.165422 -9.475913 7.139774 -7.635116 -8.053746 6.863434 -7.075522 -8.168825 -1.448383 -9.350136 -1.382756 -4.352903 2.445177 -3.129371 -9.398169 8.211558 7.168897 -5.834923 2.866753 -2.939103 -9.790638 -7.309866 6.116365 -9.242375 8.047159 7.179069 -1.363887 -9.256743 4.498265 -1.005460 6.661371 -8.687657 -1.237367 -5.950283 7.856036 -7.536487 -1.891867 -1.752125 8.120042 5.453332 -7.541583 -2.597819 -0.459138
-0.087152 -7.520214 -5.945282 -0.871621 -5.119774 1.816900 8.831317 8.002952 2.985523 -4.389548 8.558111 -2.672769 6.608630 0.182223 7.444483 8.939641 -2.291766 5.137063 -1.939571 -3.143792 2.025264 -2.635591 -6.682484 -1.741353 8.201068 -8.696434 -4.024499 -1.050746 -8.947682 9.801025 -7.905305 6.132825 3.116822 2.873560 8.551858 5.690503 -8.597101 3.324378 2.412566 -7.915961 5.301147 -5.714866 1.993089 513.945730 -3.959717 2.686837 0.544416 8.999528 8.203785 9.698585 3.274051 -6.848276 6.302265 2.157643 -9.497491 9.858867 -4.847635 0.950309 9.351793 -3.253232 7.916273 -2.504174 0.592138 -4.814677 6.078269 9.149478 0.286744 -2.107749 -1.375619 6.351540 0.379597 -5.272603 -6.202010 -8.929436 -7.970263 8.230296 -3.435042 8.703516 -8.815543 -8.767051 7.335423 -8.869355 4.018082 -8.316758 1.160663 -6.009824 8.280233 1.368666 -8.908702 2.069867 7.245828 2.276868 -7.087383 -4.606037 5.114935 5.421348 4.643314 -2.144580 0.197938 -2.171742
-6.554841 4.445074 2.172462 -0.046293 9.488224 -1.203339 -4.442930 9.509257 -7.627378 5.556299 8.015508 7.777881 -1.956536 2.449132 4.047850 9.085375 1.854321 -9.592111 8.707293 7.099272 9.695709 -4.328788 -6.397728 -8.534049 1.022897 -2.364307 0.349666 4.293391 2.389073 7.688755 1.481842 7.318069 7.163131 3.145637 -1.124096 1.415908 -0.153590 -6.792910 -5.803664 8.644923 -6.336307 7.664527 -7.614327 2.427118 505.799618 9.751935 -4.179933 6.765819 -8.197524 6.642198 4.535452 -7.028287 9.902464 -1.098923 -5.290295 2.050595 -4.320080 1.844102 -3.953775 -9.853111 6.185464 -6.870831 3.636548 -9.055205 5.156085 4.743290 0.631469 0.204038 2.902998 2.717847 -3.949906 -2.343728 -4.140048 -4.602885 -0.862274 4.881504 -5.964786 5.808833 8.505806 5.407080 4.036165 9.183080 3.042047 7.571884 4.660854 7.891142 -4.538870 0.543768 5.320790 -6.903578 3.119998 -1.777665 -0.962634 -3.358476 5.369153 -6.839012 -7.048728 -5.404901 -7.373226 9.750544
-7.843831 -0.662606 -3.641030 5.746194 0.355208 1.333643 -8.510511 -0.551517 -6.212990 0.304510 5.888830 -3.187621 -7.833781 -7.992845 -6.232711 -3.551081 9.932030 -1.059035 0.077012 3.490235 6.131414 -2.606263 3.838408 -4.482834 -3.957635 6.257194 -6.996463 8.594505 -2.482351 3.914431 4.940792 3.680780 0.509223 -2.282630 8.444998 -9.587387 -8.676739 5.912480 -0.284197 -5.075106 1.342386 -8.911113 -1.463335 -8.119707 -9.077211 505.401538 9.507231 -7.891027 -5.256819 6.633966 -1.159848 -7.129982 0.524111 -6.491013 5.967498 -0.681977 5.075091 9.517849 -3.364799 7.687562 8.701445 -4.222700 -4.236711 -1.082769 2.773080 -3.020081 -7.699350 8.926597 6.447570 7.353028 4.299400 -3.923565 -2.999579 9.669599 -0.078512 -8.751064 -9.738874 -6.641932 -2.584347 -5.565206 0.897473 7.903752 -3.320365 -1.035331 5.865478 -9.979595 -0.288338 -5.041767 -0.334741 5.373062 -9.800093 -3.529974 9.734501 9.404495 -0.997473 -7.174101 -0.890869 -3.213788 -4.866169 8.717257
-2.736726 -7.814578 -8.352497 -8.458416 -6.790695 0.130567 -0.241526 0.954383 -4.896710 -4.164855 -3.882162 -6.450827 -7.787277 9.020387 9.543346 -0.942913 9.843128 4.140027 9.785483 -6.806815 4.960561 8.795928 0.305563 8.774149 1.024005 -7.324214 -2.189215 -7.998038 -5.095815 8.873223 6.727473 -6.793888 1.838377 0.372704 -2.248433 -5.482358 -6.121813 -8.356243 -6.021572 2.859251 4.338735 8.906196 -4.856568 6.567095 -7.421277 4.104854 541.361286 1.300401 -8.654514 -9.369352 -1.462265 -2.705992 1.480080 -6.666070 -7.040498 2.810844 3.972224 8.795228 -3.312120 -3.794739 4.657704 -9.305713 -8.439717 -7.059845 5.718725 1.853090 -2.740279 9.565740 -3.578608 1.271477 -3.424435 7.925978 2.307732 0.042717 8.378357 -2.105377 -7.924700 -9.695603 7.046053 5.920706 -7.315551 -3.815710 7.577733 -5.238418 -8.561055 9.182898 -5.718107 5.721046 4.717600 -8.582132 3.538073 -8.331762 -1.024284 -0.149672 -6.594754 1.586206 -9.255642 -1.733807 8.255800 -3.858784
0.476915 -7.644871 4.497493 9.507794 7.733486 8.018890 2.141042 -2.433441 3.459552 3.574041 4.982423 -1.882415 -5.672674 -0.234321 -0.210759 6.981791 -3.277370 -0.215766 6.507538 -9.234885 1.076247 3.041810 6.744067 3.896614 2.795979 -9.041648 -3.742691 -5.312487 -8.912353 -7.031527 -1.966562 -3.086653 -1.855309 5.497208 -5.589123 7.797243 0.654188 4.404575 0.857394 4.198016 -5.250883 -5.959530 7.959315 -7.008189 -9.880550 2.190160 -3.899163 498.745480 7.758701 9.551361 -7.747922 7.386427 4.816685 -7.204024 1.790021 4.314240 6.739739 -6.096194 -8.045952 6.021043 -7.100434 8.343523 -1.190614 2.804749 -3.993988 8.740313 -0.311071 -8.689887 9.694092 0.106350 -6.933158 -9.462949 9.548773 5.852579 -6.399519 -7.090001 -8.151325 -9.114801 -1.161097 -5.728718 8.274277 3.142110 -0.620352 -1.272244 -9.257298 6.741262 -2.144054 1.064168 0.786805 -0.941954 -3.960154 1.300832 -9.037640 -3.694721 5.747550 -0.918898 7.131773 -2.920801 1.641958 -9.598285
6.937670 8.248284 -5.239016 7.249947 5.910288 6.075045 -5.385851 -4.303430 8.905513 -2.748054 6.077309 -6.926417 -0.358775 1.828295 0.469530 -3.783233 -0.095427 1.963223 2.875738 6.666682 -8.919678 3.085505 -7.810888 0.986739 9.576634 -3.176667 -6.427493 -7.229669 9.772678 1.905597 6.891713 1.371354 8.500071 -8.595783 -1.392515 1.085877 6.242657 1.926119 8.213137 4.407574 3.550354 0.461441 -5.459478 -7.324115 2.386813 -5.158040 -9.865734 6.868050 471.236714 9.537652 1.921947 -7.833634 0.362916 -1.168488 -7.925026 6.388415 4.413412 -0.578377 8.088252 -1.652877 -1.705711 2.704124 -1.744546 2.644373 -1.219546 8.318070 3.128042 -1.661225 -4.113245 7.570595 -3.217839 -5.214391 -6.671691 -2.034945 -6.085604 5.580962 1.297992 -7.046014 -3.112082 -6.634473 -6.305799 6.436342 0.705551 3.175243 -1.597584 2.356989 0.740424 3.017900 -4.470390 -9.425355 -5.055559 -6.159762 -9.455611 -0.774610 -6.281518 1.962440 3.182961 -9.609594 9.259994 -4.983122
7.625425 6.488492 -7.030110 1.007204 7.891558 5.769893 -9.208115 3.039444 -2.359285 6.072864 -9.947471 -6.992606 2.484370 5.967748 9.002665 1.832689 -7.738324 -1.554763 8.336164 -5.857928 0.170026 8.712994 2.044190 -0.305561 -0.213073 1.928342 -7.459873 -1.271819 6.443280 1.887812 2.956363 -8.945537 -1.596315 -3.061086 -4.474067 -2.548073 -3.729538 -8.558338 -5.454661 -4.473870 -5.142689 -9.862476 8.907298 -3.927495 -5.757675 -6.792408 1.060225 2.823004 5.826575 498.186982 -3.204067 -2.158463 2.476997 9.970041 6.957140 -7.714204 -1.261196 0.854720 5.314711 2.657071 -2.974590 8.926658 8.642092 -9.368707 -4.037581 -0.816673 -1.662260 2.556121 -6.919510 2.711500 -5.736278 -0.387253 1.590609 2.128446 9.807325 4.369197 -9.945270 9.154436 -2.231659 7.052620 -8.280043 0.203069 -9.139890 -9.408508 -6.054769 -2.277111 5.403752 -7.275592 2.104590 3.867423 1.745992 -4.367332 -9.670461 -8.854201 -1.679676 1.469815 7.534788 -3.492218 -6.080075 -7.777021
8.119506 -8.312549 8.840150 -5.878861 -3.466994 5.511079 -2.586480 1.204836 -6.829963 -3.109618 -6.916716 -3.374219 -0.333992 -9.988628 -9.395206 3.082485 -6.095155 -3.553293 -9.532627 -8.077615 -5.423185 2.480155 5.669124 -6.510065 4.846567 -7.894148 5.568301 -0.610003 -1.154350 -8.667059 8.736524 2.481458 -0.486152 -0.858851 -4.043682 6.543185 -9.879715 4.270865 -7.648810 -0.360387 -0.874815 -2.625447 6.210505 8.010414 1.844062 9.286654 -2.373047 -1.179776 2.409586 7.974349 491.788507 7.291096 0.439555 5.650154 1.921580 -0.656304 -6.817638 -1.475184 7.544219 2.361105 -8.686587 -1.674749 -1.435660 -5.286886 -1.508082 -6.942219 -7.955736 2.094032 4.854998 0.689123 -7.853881 -1.206953 -0.870765 -7.665523 4.481341 7.895808 7.847124 -5.952046 8.877642 5.855424 -4.529213 -7.347940 -4.726197 -0.673521 -3.489333 -4.394780 -0.672029 -0.181818 8.099888 -7.575085 -7.918152 3.125551 -6.069128 -0.368919 -3.576294 -9.830828 -9.438708 5.922657 -8.848842 -3.056072
2.430717 2.372291 6.951731 9.613178 -3.552766 -0.005025 1.328171 9.256415 -1.831267 -4.502717 8.884939 3.170537 0.764713 -1.675455 -3.440975 3.526070 -9.612881 -3.665532 -3.228492 -2.676609 9.246246 -6.747114 -8.870162 -2.831920 1.166397 4.081698 4.441957 -4.099675 8.012137 7.875333 -0.423453 7.288933 7.019703 -7.838547 -7.156923 -0.508482 7.097816 -6.821418 1.649068 -4.763956 6.836233 6.685373 9.472241 5.820000 7.154618 9.029564 -7.844361 4.076315 -7.414322 4.970330 -1.027159 503.132705 -2.659537 3.790117 6.473277 0.436007 5.057816 -5.490456 -7.192777 2.322767 6.807808 2.011601 8.306191 8.385048 8.308497 -2.425148 5.479881 -7.314823 -0.145567 -0.883520 2.244743 7.897049 -4.123916 -3.117912 -7.043041 6.670963 -8.616640 -2.026083 4.142875 -8.037204 -2.033943 -0.574868 4.732011 -4.770134 6.979642 -1.546615 4.651124 7.136235 5.434316 -5.679493 -5.990025 7.244978 3.346486 -9.826401 -9.072004 -5.955626 8.299884 3.821719 2.494535 1.124867
-3.137065 2.259155 -0.078008 -3.026659 -5.568415 -0.896013 9.744473 8.223591 7.560691 -1.100479 7.836841 8.344484 0.576254 4.629170 -0.625763 3.350648 -9.346730 -5.203087 -4.812256 -8.925456 7.396866 6.229015 6.543641 -0.002846 -8.858541 -2.388244 -4.733314 2.207334 5.340085 -8.032625 -3.475585 8.923995 -5.681398 0.055940 8.320137 -6.752431 -6.794696 -3.948312 7.889701 -2.080629 5.553630 7.648536 2.981399 -2.232966 3.952463 -7.246712 1.173306 -4.667804 8.911661 8.584686 9.097960 9.481177 490.860757 0.823359 5.383077 -2.181589 5.674949 -1.740844 -0.067687 0.596690 9.193041 -8.880180 6.707601 -9.571347 1.414888 -1.030269 -9.410073 -6.086483 -0.864088 -9.231160 9.141711 -4.587538 2.099761 -7.520390 -1.996099 -2.341410 9.159630 6.034976 -9.631128 1.460355 2.939190 4.575534 0.793539 4.668350 -0.702179 -7.005725 -7.635817 2.649592 7.117332 -9.034471 -8.536072 7.913016 -0.926457 0.437690 1.772172 -8.351632 0.956100 0.211793 -2.394082 3.884605
3.267905 8.964633 7.470059 2.613407 4.070936 8.575052 4.383953 -7.412060 0.396323 -0.316199 -8.231094 -0.872983 -9.726707 6.490661 -0.504717 0.630942 4.311053 9.496728 6.688703 1.593223 -3.038175 -4.231130 2.423364 -3.084487 -0.692562 9.684660 7.459360 -6.118011 -7.723399 1.311361 -0.670060 -0.951209 -4.565964 5.193903 5.609003 9.872909 0.606716 -2.066614 -3.268915 3.312526 -0.945776 -2.062624 -0.456994 7.743104 -8.977795 4.151812 2.927322 8.618767 8.186798 6.650941 -1.586267 1.015651 -0.854851 483.449098 -2.525436 -4.955569 -7.110094 -2.271801 6.288287 7.410287 -6.300468 4.520339 6.494580 7.926855 9.343987 8.486253 -5.856920 -4.415347 -9.996463 -2.752471 2.157639 9.903657 6.097941 0.784973 8.969286 2.918638 -4.656438 4.734002 6.982409 -2.332042 -1.076164 -1.097630 -5.105377 4.754842 -0.961733 8.147946 1.134950 -5.936603 2.790926 -5.507439 -9.508592 -3.856340 -7.063114 6.098596 7.887826 8.505627 8.312803 -7.179262 0.287336 -7.992653
-1.515389 -9.688185 -4.870689 7.087572 9.981544 -3.847521 -7.172288 -9.010268 1.471126 -5.575900 -3.965068 2.465188 0.986427 1.051540 7.667525 -0.137207 -7.977661 9.434951 4.189706 -3.362853 2.493967 -8.908215 7.396936 8.736359 -2.924094 3.598955 -8.574951 9.464490 -9.972681 7.514015 -3.486908 -1.503372 4.840723 4.529554 8.296026 0.536211 -2.637222 0.633975 -8.826199 7.782400 -7.751729 1.504900 5.465901 2.476869 6.349979 -1.005817 9.711226 -5.226211 9.202605 5.444834 -7.445727 -3.902341 -0.858342 7.145046 494.340083 1.113832 0.680060 8.642993 0.154044 7.355697 -1.791360 3.174634 -8.925492 4.276727 -4.853407 8.220533 2.322817 -2.116321 9.265344 4.235900 -2.372440 -6.011638 6.013508 -7.597645 0.756705 -0.617900 0.325902 -5.665462 -7.249557 9.265092 -7.147089 0.262818 0.244705 -0.777079 -2.348041 -4.597478 6.964610 -5.027062 -3.863340 5.787008 -0.157591 -5.784148 3.890656 3.464694 5.276792 -5.158442 -9.778764 2.928430 1.928864 -9.343792
-6.925161 5.204480 6.110689 4.840935 -7.634111 5.769622 2.421010 -4.800116 5.781797 7.391596 -5.859194 9.149678 3.520736 8.643985 8.466169 -9.698499 -1.837766 6.643747 -3.865169 5.173715 -8.113432 7.849497 0.443865 2.718788 5.733931 8.668897 -8.652945 -5.952081 -0.457893 9.821735 -1.713610 -2.793494 9.825234 -2.953278 -2.994134 -9.581565 -8.482897 7.247656 6.357205 8.973963 9.909977 5.127602 -8.596446 -5.431350 9.075268 0.929580 -8.499173 -5.103018 -5.904887 -8.248257 6.981667 9.193312 -2.695639 8.972935 -0.833585 572.764023 7.304549 -8.977066 -2.571609 -9.971670 -3.828332 -6.905731 -0.743868 5.500890 8.223599 6.228124 -1.037533 6.785167 1.570061 -4.180198 1.125758 6.622184 -9.872217 -8.150333 7.215237 -1.605162 6.751209 7.135873 6.671883 -4.192817 6.912877 0.639348 6.890429 -6.638624 -4.629289 -0.442575 -7.637385 6.625823 -7.327289 1.221159 5.761036 3.540930 3.476884 -6.233040 -8.058668 4.124417 -3.588815 -9.087169 0.256851 -8.740275
6.995277 -9.032857 8.984554 -1.712866 6.801125 7.667617 1.109971 -8.878978 0.842534 5.850135 7.781258 -0.617621 -5.814067 9.647476 -3.341336 2.298656 -5.008884 -4.643008 2.851889 -9.592994 6.466212 3.338065 8.442811 2.695913 0.740528 -5.250958 -2.769606 4.833354 1.324560 7.056119 -6.348595 -3.621029 7.751395 -9.628888 -3.193686 -6.506939 -9.661747 -5.856818 1.169465 0.541098 -9.852088 -0.492541 6.857262 4.949104 -6.833665 -3.346706 5.130575 -9.636352 -1.507863 -5.804394 -9.844154 8.389791 2.282179 -3.820442 -9.446451 7.648872 523.910007 9.638765 9.583698 6.861832 0.079674 9.943111 0.176909 1.526983 3.616936 -2.028067 -8.940685 7.105024 -1.045745 -3.046685 -8.086956 0.339477 -9.448669 -4.729850 -0.203524 6.092494 0.434213 2.947315 -3.290402 -8.677775 7.518577 -5.583963 -3.673074 -4.579496 0.304212 -2.882907 -4.310161 -4.544505 2.539394 7.760840 5.687260 -8.922431 3.257777 6.840353 -8.586607 -9.252730 2.821601 -3.362430 -8.903357 -5.851690
7.659179 6.429875 -0.858545 3.976849 -6.965650 0.160555 3.697241 0.987900 -4.126568 -1.241690 2.522931 6.409039 9.448194 -7.380624 -5.915473 2.790715 -6.552800 1.794189 9.241538 -5.081286 -6.911163 -5.888072 9.625878 4.707043 7.980082 3.135296 -3.818786 6.255041 9.655205 -5.285815 -6.567407 -3.384985 -2.628324 -9.542977 1.286502 -2.664921 4.991741 8.910304 -3.337009 7.773617 7.534687 8.918311 -1.955754 2.555675 3.863734 -3.529642 3.489049 -1.678483 2.252048 1.834163 6.235866 -0.693179 -8.607596 -3.523753 -2.426549 -9.157162 1.021037 509.691540 2.416812 5.223009 0.068061 -8.784391 0.357603 9.974530 8.109648 9.427381 -0.700215 -5.998774 2.502676 1.747482 -5.952052 1.519971 9.013586 1.200167 -8.762606 -0.849873 -6.482746 -4.879465 -7.105079 -6.264264 -7.465811 -6.089318 3.312883 -9.163420 -5.827157 -6.233239 -2.680398 -9.364908 8.590071 -3.884515 -5.603324 -7.520543 3.083566 9.001229 1.400269 8.094474 -8.108491 -5.440507 -2.039059 8.668412
-3.675424 3.201341 -6.727611 3.195118 9.649369 1.359413 8.969258 -4.140808 3.370106 -6.698044 3.012951 2.827527 -8.585896 -0.489334 -0.962594 -0.628897 -9.548556 8.558892 -4.057474 -7.369425 6.903811 7.107801 0.484868 5.908305 -1.169926 5.747293 7.398343 1.388795 3.109969 -5.124172 -9.808117 3.195045 -2.577914 -0.763733 -9.620633 4.081509 -9.900755 -9.989593 -2.161724 0.969517 -8.756780 1.523182 -7.564006 -3.266330 -0.623744 -6.902926 8.494410 -6.497566 -3.301295 0.720446 5.866472 2.942972 3.490741 -3.846026 9.660484 -6.583256 -3.374599 -2.586596 507.514002 -5.234235 8.631928 -7.989464 -7.659199 -3.914631 -8.390526 6.655770 -7.444401 2.574864 3.625428 -8.945265 -7.738866 -9.380661 -5.429746 3.876621 2.704934 -5.478018 -4.596258 1.786204 4.822623 -4.406230 1.503613 -1.753934 -6.464455 -3.662229 1.973801 -6.937659 0.572400 1.622117 8.454986 -8.368982 -7.528573 -2.582955 4.566371 5.517954 -7.273820 -6.755038 -9.040601 5.074468 -5.689027 6.442383
-6.257574 2.475944 -4.854595 4.056633 -5.121990 -1.107514 -3.763998 -8.720397 3.252368 -2.946280 5.982365 -1.446992 -2.183810 1.556686 -2.191115 1.030195 4.177340 5.194128 -7.836758 8.068591 -3.221522 3.520075 5.238365 -0.864431 2.135951 6.007763 -1.172795 -1.814772 1.908420 1.956335 2.976182 4.639480 8.807807 7.619425 9.367595 -5.627549 9.081464 -1.696617 9.318514 4.830332 5.763450 7.045970 -8.777829 4.338948 -5.970040 3.279824 -0.130896 7.483068 7.004448 -7.705758 9.899363 8.747124 -0.397175 -1.353985 0.228829 -0.897428 4.665487 -7.983743 9.642725 483.395284 5.758790 3.320222 7.042167 6.131818 -4.666555 -3.005398 0.162587 0.318953 9.208392 7.838888 -1.731646 9.518912 6.200171 -7.090865 8.453410 7.848747 3.461349 -1.038905 0.993458 -0.785752 2.030931 3.687484 9.972391 8.670960 -1.076421 1.337867 -0.973479 7.036827 -9.092585 8.219616 5.997515 -4.550341 -4.205938 -7.409801 1.586776 4.958334 -6.076014 9.199449 4.820505 7.691521
1.418072 0.531617 -0.237967 -3.797081 -4.506229 9.621520 -4.037732 -5.055070 6.096716 -8.764968 -5.572092 -1.528173 9.804453 -9.619607 2.491781 -2.593146 9.452776 -5.321305 -7.738619 5.559546 1.681238 -3.758352 9.863038 -7.527746 -0.136942 1.948505 6.620367 0.264212 -8.628154 6.497544 -9.361890 3.101086 -2.453971 -8.858938 0.373838 7.751971 -2.895998 3.900737 7.457334 -6.590701 -3.155951 6.815502 4.835026 -8.181817 -0.378476 -6.299243 1.162763 -8.851822 -1.821979 0.096347 2.521388 9.461265 2.895675 8.019378 0.656786 5.795272 3.579523 -9.809704 9.770374 5.573509 488.291414 7.856606 4.407100 -5.779752 1.313349 0.306690 -5.713617 -5.338946 5.535605 0.682048 -9.879609 -7.836804 -4.231796 9.976848 0.093033 8.009949 -0.786432 2.911576 1.700123 -9.609101 -9.792779 6.166080 3.165637 -8.979498 -7.809305 -1.036724 -5.235800 -6.671914 3.656905 2.873213 -5.118702 0.489339 -1.661204 3.582277 -9.220992 -1.166695 0.085994 -7.552491 -3.006212 -0.049757
2.340308 -6.718957 -8.304771 -2.110700 -7.282083 2.300615 7.852770 -0.053905 4.100362 -5.141498 -8.721832 6.186197 -4.350087 5.654366 1.412722 4.770243 9.682031 6.754421 2.746317 8.509522 -0.284253 8.826979 1.179399 -6.534115 2.784601 -9.632129 1.089768 -6.135855 2.627978 9.875735 -1.899622 9.957536 -0.487184 -6.975061 -1.756078 -8.022442 -9.706408 0.637860 -9.566481 1.269290 -7.824992 -9.983868 3.558465 -4.896383 -3.772753 3.427116 -8.055743 -7.735581 6.860280 8.030267 5.927990 9.224008 0.462589 -1.606335 4.187920 3.592377 9.443491 8.882672 1.775346 -3.896407 3.530535 528.988178 -1.024306 -6.282728 3.117499 -1.667553 -5.343234 -4.788512 -1.309831 -4.023650 4.414476 -3.663103 8.870180 4.722606 -9.319553 0.149225 -9.374495 -9.041984 -2.617069 4.023649 -3.489943 9.855937 -8.771720 -0.691974 9.042600 4.013957 6.039005 -1.706382 -5.589439 -9.784337 -0.984731 -3.709237 1.096806 -7.161483 6.863428 9.208976 5.693513 8.986503 -7.587684 -5.303781
6.554555 -0.027222 -6.048880 -6.675343 -2.951104 -9.170195 9.258534 0.755557 5.253574 1.704026 -3.445146 -0.468415 6.005791 3.282137 -4.136767 7.566981 5.369031 -2.465426 9.944322 -9.548608 -9.014337 6.013270 2.183412 -5.235607 -7.290120 2.362669 -9.810932 -2.524299 -1.394154 8.367095 9.719561 3.126263 -2.364263 5.409510 7.030090 5.748947 -7.106002 -4.965337 -3.589420 8.944048 -4.081721 -9.104775 -1.086071 -2.411979 8.911071 1.755642 3.005421 -4.123728 1.190174 -2.264482 -9.598555 -6.713026 -3.095808 0.955491 -9.268930 7.269702 -9.072399 -1.833871 -6.769459 -8.847249 -4.484009 5.088953 473.238140 -0.299359 3.624785 0.260224 -0.561390 9.607133 8.551402 1.460158 3.291580 5.032135 1.359862 -3.872794 0.585741 -6.461040 -0.175171 -4.776499 -7.739179 2.060625 -5.607337 3.111195 -5.754395 -0.349950 -8.724011 -8.279973 -1.598263 5.644199 7.409014 -1.240282 -0.305083 -3.774655 0.267516 -0.735020 -9.493908 -1.521442 -2.687418 4.042609 -6.801473 5.352180
0.242485 -9.549783 -4.482818 -9.718301 5.375114 8.374614 -8.465043 3.974469 -6.551798 1.874388 -5.128961 0.246457 -6.151173 -8.739144 3.414838 8.008239 -1.102493 -1.555271 -4.236986 8.161487 -6.929340 -3.348781 8.400668 0.880950 5.735414 8.095056 -5.155319 6.155866 -8.661562 5.758996 1.275334 -8.946957 4.360881 -4.395732 -9.571902 8.938717 -8.063094 8.119495 0.907173 1.718107 -1.924946 6.701981 1.514917 -8.679809 2.639862 -6.898248 -8.018197 -0.380292 -7.998591 3.907263 6.913338 8.567684 -2.709158 -0.593375 5.733400 -0.829609 8.972776 -0.228738 -0.577437 5.110036 -9.636603 -7.064083 -0.752505 545.112786 9.387754 9.438639 -2.869149 2.163436 4.700731 2.092937 2.608983 9.540195 -7.011458 -9.337070 -2.935313 -3.903821 8.563123 4.625572 4.055921 3.836704 -7.571639 2.636795 -4.314063 -8.650070 -5.102818 -5.639212 -8.417924 -4.959585 2.880536 -0.765474 8.568799 -8.567763 -4.963289 -6.037206 6.677865 -7.515230 9.489675 9.069517 -3.965844 5.843988
-6.442520 -0.151592 -0.702323 0.146936 -1.603390 4.279548 0.761328 -2.561520 5.195707 -1.650431 -6.704007 9.519936 -4.901607 1.957861 -1.106944 -1.666222 9.643718 0.007888 4.389197 -4.423306 -9.229373 -1.624234 -9.059801 9.008407 -6.053013 -4.293900 -9.184364 -4.570608 9.916343 -1.340710 1.354706 2.481437 0.048309 -3.207927 -7.668542 6.234608 -0.066134 4.001129 4.320353 3.257920 6.189198 -8.843852 8.554258 -5.930692 -7.632864 0.503380 -3.926132 -8.085012 -1.641523 -1.507712 8.581890 8.756328 3.547429 7.487216 5.376796 -9.731335 3.343592 -9.632728 1.595834 0.034456 -4.690006 3.554804 -7.675791 3.209632 487.922399 9.630169 1.111479 -5.869812 -1.828356 3.597819 8.502827 4.740420 8.659998 5.038686 -4.515896 9.417522 -3.766243 9.036948 0.329985 -8.765650 6.595388 4.449153 4.178066 6.585645 4.400842 -7.051054 -2.137309 -9.721563 3.121372 2.377845 8.793638 -6.987610 -2.250876 7.736843 -1.320868 2.789404 6.723187 2.184954 9.581052 -6.282533
-1.293714 5.853767 6.367056 9.899472 6.502145 0.649031 5.159731 -2.437359 8.886632 -5.142508 -2.310897 7.350586 -3.731297 2.204802 6.194634 -2.160257 -9.485905 -1.081177 9.093528 -7.022122 7.874905 -2.587269 9.393213 5.817043 2.531535 6.313428 -3.220818 -9.140859 5.627373 9.808308 -2.041820 5.378158 -9.811726 3.486043 4.567893 6.661975 -9.942894 5.764117 0.352832 -4.237514 -0.616360 -6.378862 -3.657225 7.475603 -9.129860 -2.055543 -5.912201 -7.107113 7.310517 3.316481 9.995255 1.918333 -4.379448 -2.563289 -6.839504 4.678788 8.735298 4.144729 -3.361601 7.666314 -1.426318 -2.854619 -2.878111 5.592280 -9.507812 526.596696 2.359235 -3.069255 -0.453927 -3.076112 2.413127 -9.540562 1.574956 2.607141 0.506377 -3.067642 -2.508055 3.399227 -7.148328 -2.294793 3.805539 5.398920 8.339654 -8.551850 -4.105313 -8.592828 6.252310 7.378978 -8.108536 4.707480 1.183884 -7.212770 4.835824 8.939704 9.040468 -4.315483 7.833125 9.246782 -3.263070 -8.805506
-6.728403 -3.955691 6.517732 -6.016794 -1.403885 2.611644 1.996866 0.777611 5.033358 -8.241204 -0.831965 -0.101183 -8.251314 -1.042950 5.755881 -3.698481 0.389039 1.322667 7.962238 -1.923453 -6.013310 3.572624 8.380103 0.366475 -7.466379 1.381416 -2.933205 1.860867 -7.805252 0.993076 8.499247 -6.369355 -7.339802 7.403377 3.671902 -1.414579 -6.060762 -2.332068 4.694144 2.711257 7.630849 -8.015590 6.964775 9.989023 5.102894 0.061126 0.264154 4.257131 -6.321762 -6.404226 -8.144455 -0.481367 -9.435733 4.366818 1.208445 0.060944 5.011795 6.115328 4.527742 8.449638 -8.098619 8.193061 -4.734955 3.412792 6.500854 -0.735670 488.312566 2.420464 3.044199 6.911163 -9.413996 -7.935099 6.865908 4.971472 -8.101424 8.641059 -4.560799 -6.587461 -4.462870 -5.406065 -9.820781 6.828656 4.203437 2.897475 8.494165 6.468989 6.364530 2.200724 -0.162964 4.951126 2.827378 -5.062184 -6.204696 8.130201 8.683589 5.401748 1.601891 -3.030143 6.800433 -6.028520
-7.162804 7.623798 -8.389092 -6.672760 -9.017976 -9.748729 0.255373 -4.779143 3.781016 -1.560625 -0.341058 4.297675 6.036641 -7.327199 4.790332 -7.530268 -2.408016 -7.404979 8.083956 1.338036 -0.975151 -4.327689 4.412300 -1.921325 2.786850 -8.250804 -7.709851 3.234399 -4.639458 8.603128 1.531612 -3.173720 5.807561 5.395344 -9.897649 0.902424 -4.455233 7.708997 -5.096576 5.352615 2.541891 5.729224 -9.026606 9.683627 8.418964 4.881755 -4.430796 9.321929 -6.266597 4.458326 -3.566167 -9.629372 0.289992 -2.602750 1.499173 -3.540619 -4.979968 -8.603447 6.343729 -0.312681 9.036031 -8.591278 -5.904457 -4.600002 -3.981066 5.194455 -7.821526 508.656945 5.787483 2.062807 -3.177188 8.919457 -1.383855 -3.473868 -1.655787 -6.241235 -0.227192 -2.051461 5.243490 5.654252 -0.148199 6.135740 7.105249 6.994929 6.485866 -1.616767 6.949310 0.714308 4.091239 -9.216114 4.690292 -1.642274 -9.625524 0.949369 -5.453156 -7.413046 -1.959768 -9.276788 7.883503 7.175656
-3.826246 -6.015897 2.749754 -1.090362 -7.419757 -5.644984 1.348303 -1.273430 7.226062 -9.531962 -9.021367 7.961432 -0.842539 -4.478252 9.328082 9.812069 -6.241258 -8.694825 -1.376641 0.612851 3.675659 5.343020 -5.966723 8.961462 -1.940995 -2.549205 1.208757 0.458076 -2.921236 -3.487484 -3.044338 3.432368 -6.739562 8.334808 -8.399998 -9.861676 2.464291 -5.155128 2.597442 2.215922 -1.492005 -5.963956 -6.377146 8.721293 7.649344 4.170859 0.395558 -8.644487 -5.042569 4.535837 1.915013 5.447436 6.895916 0.506845 -6.420358 2.790345 -0.317052 -6.737673 -1.237418 -3.734469 9.031714 4.272769 -8.446099 4.121901 -5.698902 -9.846220 -1.099060 -0.389697 491.800310 6.356600 -9.519954 2.157379 9.659306 9.168393 -0.002301 -0.147393 -9.901760 -6.551405 -6.022099 -4.628704 -1.904572 3.705697 -5.154250 9.319377 0.472596 4.136567 -4.158716 -7.709712 9.338826 -5.783856 -8.015016 1.142149 -8.459096 -1.880439 -1.664853 -3.565463 5.052217 -5.588303 -9.732578 -1.483392
-3.785914 -8.791063 6.322919 6.034446 9.097017 6.889671 4.481550 7.582753 7.671804 -4.214191 4.726258 6.875380 -0.414389 7.955493 -7.566799 2.084004 -3.135553 8.177630 1.928690 3.363876 7.708438 8.629267 -0.183195 5.718251 -0.790978 -2.393537 0.631601 5.565348 6.903020 -8.205142 -2.615945 -8.853567 9.779299 9.125986 -6.793121 -7.724382 3.311277 6.216014 -1.528717 5.973538 1.469078 -2.349285 -4.699961 5.635067 1.936143 0.770909 -6.565799 -7.891476 -7.519410 -5.242139 -3.318621 1.711456 1.527088 -5.195751 -4.303897 4.657802 5.131666 -2.789135 8.101693 6.869069 4.196017 6.300394 -1.688369 7.146357 1.585706 -7.898227 2.194668 -7.218186 5.351531 495.528101 -6.388811 7.278802 0.261180 9.856681 6.739319 5.875839 1.394512 -1.135527 -8.196186 -1.828989 0.253987 -9.258785 8.029112 -4.250955 -0.148675 2.269541 -1.339764 2.250727 5.173492 1.167822 3.838879 3.337881 -9.009286 5.728208 -4.124457 5.859758 -3.574362 -9.992053 -1.360838 -7.118806
4.716539 -5.983296 7.932888 5.719121 -4.679018 -3.299747 2.308357 2.283710 -7.510343 5.803812 5.871664 2.302896 -6.027061 9.638806 -0.949681 6.933174 -0.270370 -9.625512 1.728139 2.459500 -2.349033 0.987973 -8.875766 -3.631285 9.061246 6.231614 -3.999562 -0.159389 8.822014 -6.645743 6.312858 -7.244069 5.835735 0.105385 6.606879 -8.009137 -0.085364 -5.354633 3.074450 3.573581 2.479925 2.393616 6.074086 7.565495 -1.322423 -6.522330 3.514421 8.133846 -2.961706 5.796330 -0.398250 3.003505 7.997976 -2.735250 -5.172377 6.506508 -7.432177 0.967420 -8.448716 -1.404324 -9.410333 -4.047080 -5.486531 2.818255 -3.486357 5.943495 3.903175 0.941736 -8.841854 3.228456 495.654593 8.834213 -5.386237 -6.461095 -5.385335 -3.189060 -9.486685 3.224722 -3.063272 8.402305 -0.491356 -4.719019 5.166843 -5.122529 2.241288 4.792440 3.667572 5.273907 2.825804 4.758683 9.353280 -8.756953 -6.305387 3.671605 -5.436780 9.154651 2.810496 -9.150895 6.685874 4.836725
-1.101924 -7.293651 -1.158045 3.661885 -4.032834 8.984890 3.427375 -6.576234 8.319846 -6.100145 9.321402 -2.297014 -8.162532 8.285709 -6.851711 2.379154 3.738529 8.122267 1.048400 8.108510 7.985066 7.793664 -3.914123 7.022001 -6.112299 7.256368 3.523525 9.702117 -4.940789 -4.106343 7.722366 -8.012289 4.362959 -5.752641 7.903896 0.532737 -1.432781 4.027465 0.847139 -4.829247 -7.105879 -5.874864 5.975087 9.241041 -8.846273 -7.234294 -3.990919 9.603838 5.537200 -1.666420 2.500772 3.956157 9.589803 3.816882 9.932054 7.991687 3.726736 -5.669064 -3.744257 -3.844165 7.377308 -7.451385 7.309492 -5.913845 -6.850973 6.166695 3.620090 6.309349 -4.737844 4.617120 -2.407428 534.607616 -4.198548 -9.688447 -7.200963 -3.049522 -3.146668 3.283470 6.315688 1.637679 -4.118207 -1.513192 -3.642769 9.601847 2.168799 -2.021741 -5.970196 -8.388176 -6.933867 0.453351 -0.039019 -2.406246 -8.908097 -2.593131 3.012509 -4.395956 -5.510375 7.570446 5.595327 3.862954
-9.857612 -1.172010 -6.584449 -1.532499 -9.889638 3.143891 -9.849768 4.096646 8.208607 4.498911 -5.332369 -2.280505 -8.394509 -3.423058 -9.083467 -1.315552 2.643682 9.053216 -2.560753 7.896524 9.477898 -9.416537 -0.016719 -0.089922 8.811757 5.670821 1.081511 0.951259 9.361030 0.140359 3.929433 -7.015656 5.826120 -7.940049 -7.762030 -8.726861 -0.728452 -1.707735 -4.841184 4.465368 -7.596019 -0.198547 3.103520 3.171929 0.542615 5.138207 2.807607 1.608057 6.173119 -1.354607 8.077177 3.794490 5.524698 -9.830035 -9.243446 -3.075807 3.691973 3.408785 2.279935 -8.653740 3.267545 -4.966220 -7.462401 2.794969 6.713622 -8.807254 -5.085965 6.643366 7.819727 0.906669 5.849589 -8.158867 497.301324 6.031265 3.600948 0.279700 3.199555 -0.903153 4.323983 -1.510629 -2.005995 -3.037693 -3.290531 -1.502199 -4.032554 7.294411 8.486836 -9.278333 4.154281 -6.934647 9.484825 -3.503730 -7.857161 5.857314 -0.330937 -8.302881 3.480029 -8.630538 -2.797300 -4.354807
-1.952436 3.794087 5.428516 1.134754 2.183340 3.670196 -6.067324 -3.836022 -0.470087 -2.734075 -1.984065 0.775276 -1.783613 3.127005 -7.565311 -3.591878 2.676472 0.592126 2.150691 6.564254 1.656527 -2.102831 8.799776 -5.627829 7.127957 7.966392 -9.476548 5.283570 -3.068274 8.257384 0.215670 -0.068639 -8.333400 6.621030 4.417567 4.868881 -5.677454 1.400299 -1.255090 5.960610 7.275170 8.249391 -2.939456 -6.879669 -1.046169 4.527652 -8.559541 -3.466579 -0.207968 -9.196661 -4.872409 2.659563 7.834099 2.046221 -3.516145 -2.640582 6.248443 1.412548 -9.519238 -9.415234 -7.348844 6.542677 -8.075690 -9.479819 -6.339652 9.725366 2.701788 0.474092 4.165706 2.862011 -6.823979 7.036226 -5.494565 501.707228 -2.622500 1.395805 -8.842341 9.856449 -7.627289 7.992333 -4.074929 3.081490 3.696220 6.581408 4.746419 1.684160 4.908436 6.636579 -0.765265 9.738682 -9.398399 -9.959991 8.232448 -3.932460 -1.433955 -6.481614 -9.942628 2.071435 -9.058553 -9.752419
3.186761 -4.204062 -7.746966 -1.914577 5.468506 6.017136 9.079477 -1.177038 -0.457057 7.295427 3.752577 2.397436 -3.218513 -9.315651 5.009055 -5.235517 6.339349 3.485472 4.312014 -0.038405 2.180644 -2.799294 2.363184 8.600113 9.549971 3.106602 6.343271 6.661712 0.577718 8.620137 2.183894 3.161559 -5.972850 -7.479876 6.689441 -5.627576 8.987621 1.137407 -8.043012 -7.939081 -1.866537 -9.795651 -2.595912 5.769528 3.059480 -6.766004 -7.030312 -2.237190 5.937863 -9.311722 3.491361 -3.848554 6.071208 -2.647549 -7.498337 -8.619798 -2.516609 6.748458 0.428151 4.900888 3.565227 2.816547 -8.511802 9.912747 8.670178 5.349143 9.910425 1.586354 -1.480571 0.872072 -5.140060 -2.687442 9.678264 -4.657637 500.619993 6.908451 4.532155 -5.765193 -0.605447 -5.740314 -1.761186 -2.605725 -7.744792 -5.145770 5.012458 0.721646 3.775559 -3.738929 -2.441927 8.677056 -9.560128 8.036451 -6.207347 -5.863121 1.364260 -1.084251 -7.739127 4.068567 9.295318 0.879291
7.860453 -6.558823 3.547058 2.350934 -1.014153 -9.250487 -1.650182 3.294399 -7.699772 3.982472 3.771608 6.935836 7.033155 -1.132001 -1.071012 0.216037 -1.348328 -0.459578 0.093040 -9.362088 -7.721165 8.219755 9.379834 2.361909 -3.267661 -4.796118 -2.339502 4.217453 1.117322 -0.422417 -4.222412 7.455427 1.032579 6.663267 6.689369 -4.315253 6.400264 5.695100 6.386500 1.163735 2.078796 5.232829 -5.831294 8.095053 3.521974 -4.802414 -6.208431 -8.019263 -7.478447 -0.875698 -1.581861 -8.153704 5.291613 6.571752 -7.459291 -5.823580 -2.289742 7.821958 -6.110398 -5.719599 0.474155 0.994743 -5.214999 -3.954166 6.029082 1.936916 -7.315386 1.971622 -2.922459 -6.298689 3.321648 -0.656437 0.583603 0.063797 6.218067 457.020999 -8.773076 3.887677 -8.830036 1.756266 -1.150693 -5.137088 -5.521937 7.046390 -2.983958 -0.173775 -4.377671 -2.094427 -4.125880 -4.159777 -7.830944 6.916645 -6.817078 9.972244 7.525384 -9.306404 -3.848018 4.279521 -1.792433 0.336127
-9.955839 -5.393966 -5.718187 5.122288 5.793597 8.289498 -7.473485 9.098136 8.861760 -8.274605 9.600625 5.460224 1.915645 2.450971 7.574321 9.096961 -4.835239 -1.465139 -7.949191 -3.681842 3.512558 5.012649 4.781334 0.650908 -0.955773 8.136361 4.605254 -2.218098 6.313425 2.438600 4.952619 -5.261819 -2.198727 -7.258201 -3.018026 -9.498863 -2.667053 -4.553495 1.843215 -3.603574 6.009843 -1.037324 9.094147 7.413674 8.219604 3.508067 -8.004390 -0.498725 -8.546170 8.010309 -4.425429 -9.660260 1.440546 -4.853995 -0.678694 -4.132819 1.605670 6.513946 -0.587142 -6.222032 7.026122 9.848981 -0.119194 -0.157143 5.360210 -1.143950 4.547800 5.863860 3.426083 -4.530826 3.507278 4.367241 3.714689 6.938386 1.828515 0.430844 473.011310 4.080192 -3.187700 3.730041 -0.418289 -3.172036 0.294283 9.060390 2.055488 -8.347396 0.254290 -6.794288 1.038647 9.956405 -3.091509 4.237207 7.499844 1.839174 0.554383 9.496047 -1.535745 -6.497142 -5.139896 -2.767860
-5.422886 -1.254177 9.212140 6.191793 -5.961772 1.933774 -7.156152 -2.910632 2.887425 7.120546 -6.373966 -0.273357 0.640710 -9.744484 -0.953916 4.273062 4.370577 6.892850 0.436613 -6.462503 3.574348 -1.083571 -4.227054 -0.022947 2.410487 8.327040 3.686964 6.825180 5.760980 -8.210717 -0.165634 8.044277 0.009756 7.495604 7.670827 1.289673 -9.209430 8.215563 5.446041 -5.169493 -5.763114 9.714484 7.729798 -5.122721 7.405206 -5.610976 -0.220265 -9.281156 -5.490528 -4.695121 4.455566 -1.987430 1.675613 -8.063951 -6.676833 0.229216 5.388511 2.348127 -9.974474 6.735840 -6.774358 9.302384 7.985998 -2.346320 -7.000328 3.776796 -9.131501 -5.050178 -7.629575 -4.856976 0.721050 -2.560281 -7.996142 9.789644 -8.379885 2.138708 3.914541 501.905320 -0.412789 3.557842 2.389874 5.267024 -1.818902 3.635851 -4.185308 5.185896 8.502553 5.534135 -2.430686 -8.583104 -6.678261 -6.259037 2.168287 -1.859869 -6.261174 1.273070 -2.553633 -6.079447 -8.224676 5.134402
-7.080410 -5.721691 9.549046 6.076916 5.653771 0.681203 4.250409 3.767363 4.312632 6.514426 -1.970024 -7.051795 -8.328048 -5.053206 2.532533 -8.185324 -0.199190 3.845340 0.251328 -9.150457 -2.226590 -7.323581 -3.031366 -1.092260 8.572470 -3.461047 -7.032327 6.133084 -8.449345 7.457986 -5.540885 -5.539803 3.992466 1.407309 -9.799808 -6.101938 -0.077955 -4.286839 -5.659034 6.271541 -7.986440 0.525933 -9.268944 -0.615848 -4.335951 -3.153808 0.766650 -1.221689 1.141331 0.835896 6.913197 1.918712 -6.258022 0.715049 -2.340263 -7.361833 4.950977 1.344972 0.961774 -1.525299 1.338624 -0.372660 -6.484226 5.586980 3.445710 5.167214 4.115628 4.709040 4.140450 5.723887 -2.879930 -1.090915 7.006908 7.145859 3.093206 2.140741 3.202609 5.436016 462.988458 1.925774 3.965458 2.765198 8.655496 -2.134620 -3.373390 6.741284 7.966513 -5.352936 9.562749 -6.302534 2.442572 3.432697 6.030499 9.324192 0.412317 -7.536992 -4.047097 -9.972435 1.747775 8.692281
1.478687 -0.784007 8.285108 0.978143 -0.028921 -0.783063 7.013471 -1.229627 -8.185090 0.221141 9.467961 7.424794 -2.973685 -2.925325 -5.192604 1.642276 8.060208 2.761742 1.787108 -2.108547 -5.084732 -3.271911 -2.398429 -5.805012 3.373474 5.371371 8.108527 5.905974 -5.360618 2.880768 -7.644608 2.775548 2.453677 -0.105490 -6.830750 -4.141193 4.920038 -6.812613 -7.084472 1.215429 8.699162 8.276552 7.463913 3.593832 -0.832872 -7.754254 -9.608960 8.095330 -9.687551 -5.694273 4.299970 0.414155 4.353249 -3.041081 0.886670 1.351951 2.304109 -2.893363 -7.021004 6.848880 4.888156 6.222402 -4.229401 4.409550 4.478651 -9.387034 8.529384 9.753917 -1.887478 1.029929 -5.851325 2.569989 -4.386157 0.949330 6.825142 -5.986469 -8.069738 -9.395868 -9.685953 489.905872 0.844299 -8.164850 4.877304 4.481159 7.764089 7.387168 -9.836654 8.529019 2.495469 3.374113 -6.670076 4.641598 5.360166 -3.000354 -1.541618 9.742721 -1.345709 7.788843 3.086576 -3.698743
-2.335005 5.952369 9.848109 -6.952491 -8.785946 -8.294291 -1.333610 -8.415531 2.789109 -1.938036 -2.030393 3.558004 -5.710198 6.639888 -6.668051 -3.828592 -2.470188 6.170748 3.872297 5.021907 9.949612 -7.960054 -3.818117 -8.757071 -9.545213 8.114091 -7.753455 5.543834 8.336374 -1.221133 7.863852 3.854911 1.197909 7.846731 4.690860 -4.198256 -1.959652 -0.610015 -9.384545 -0.759939 5.981009 8.517287 0.238085 4.281856 -6.176355 -8.101571 -3.862492 4.281242 4.867798 9.721770 -8.337940 9.269489 -6.033519 -7.377582 -0.491493 -2.231833 -5.350786 3.117043 -1.560273 -5.039407 6.961739 -3.746868 -1.238592 3.861342 -5.360947 1.899300 -7.158094 -9.261915 -8.937825 -5.893540 9.098290 4.382179 -4.114115 -4.622786 7.461211 9.637968 5.538298 -7.465502 8.509235 6.894974 561.127341 -6.792227 0.374215 9.079617 6.659980 -5.443332 7.131254 -9.847294 -1.433934 -5.837931 7.195760 -5.324767 -1.116373 9.211680 -6.747379 6.974300 -1.565941 -4.484849 -5.814748 -8.885064
-4.982172 -0.013286 0.111980 9.646678 7.044985 -5.178657 5.324453 2.962207 -9.820299 7.039157 8.286411 -1.286143 1.337580 9.962698 8.667327 7.860112 1.589129 -7.266883 9.848983 9.596939 -8.980391 8.254154 1.737741 -2.125928 -8.134252 -8.056817 3.759844 -4.662066 -3.392062 7.241369 1.093501 -8.185155 -6.980368 -1.731976 6.681516 -3.528743 -8.328356 -3.593960 -8.243701 9.399654 9.141829 9.294948 -2.747413 3.543382 -2.349395 8.532792 -9.880748 3.527542 -2.760742 5.241951 -9.683525 -5.744210 7.973870 -5.519936 3.966087 4.765864 9.767729 0.693707 -8.590244 0.097021 -6.955739 -5.482728 4.693558 -5.758368 -6.561557 5.943965 0.313441 -4.943937 6.380716 8.728183 -4.108437 -0.199586 6.806064 -0.697333 2.810652 -5.892356 5.340162 -2.827801 -2.643313 -5.608936 9.649857 545.585178 6.843101 8.815090 3.869746 -7.186744 4.417113 -3.679367 8.375483 4.274121 8.767432 -0.325272 -0.236290 1.701795 2.807265 6.519480 -3.953071 -7.597604 5.465704 -5.352633
-8.955062 -4.738151 -3.900585 -5.106208 -1.988388 1.797354 7.538773 2.115475 6.905634 -6.366928 0.808359 4.486557 0.585809 -8.725020 2.597367 -8.314920 7.474910 -3.876012 -4.235568 0.174810 7.568510 6.564304 9.733078 8.379851 -1.606478 4.395570 2.400899 -8.186269 3.490503 8.955685 -7.654734 0.844819 -9.513873 0.521368 3.366414 5.086061 -6.567949 -9.894903 -9.908116 2.362233 -9.380815 4.688721 8.611541 -4.972064 -1.660548 -9.462258 -7.164659 -9.147637 2.544642 -2.489286 -6.634988 -6.241216 8.722300 -8.298024 -8.247169 -9.922846 6.594540 -6.159498 -7.159137 -7.915028 4.166929 -5.744546 2.965900 2.962841 4.922882 -9.116865 0.672746 -5.179053 -6.634409 1.912376 -0.190931 4.010031 0.895139 1.688452 9.675314 1.445010 -5.768967 -0.321464 5.011028 0.800702 9.808570 1.295782 503.632885 2.585823 -0.526548 -2.363332 3.908901 2.375627 8.729314 -1.954287 -9.954157 -0.771319 0.060453 6.772987 8.906099 -5.131920 -2.557411 -4.223895 0.735745 -9.135584
-4.785630 -4.852226 9.992816 2.322480 2.986141 4.986436 -0.057274 -6.886598 -9.549074 -4.309186 -1.294837 -8.383614 -5.871970 5.401392 -9.255188 -7.806938 0.916962 -1.256118 9.732305 8.855218 9.957416 4.516132 4.864195 7.999778 6.567012 -6.769891 -8.136068 0.501105 2.823475 -5.713964 -7.407723 -4.192123 -7.264253 2.916288 -0.822713 -6.319773 0.117989 -2.104312 8.830445 1.553892 6.782921 -9.657024 6.556742 -4.321086 9.888314 -8.482059 -8.500852 1.076307 -7.255669 7.607647 -9.073951 7.273322 -6.816793 -4.817075 -8.563442 -4.447159 0.355034 -0.754403 5.536304 -4.432903 -6.503437 3.957536 3.736227 5.105703 -4.358365 9.497953 -1.630830 -3.543825 8.955647 -0.772364 7.421190 9.169034 8.108468 0.612738 -2.922507 -4.011246 0.961609 4.887538 -1.877052 -8.595215 -4.872656 -9.995861 -8.155913 535.497248 -9.442087 4.949946 4.857690 8.871614 -7.302632 -0.862561 -2.502958 -5.545556 -1.639851 -5.488755 8.599925 4.649511 2.696767 8.894851 5.666784 0.681794
-7.803194 6.120567 -5.997199 7.645603 -4.774872 0.375260 0.159593 -2.365940 -7.213742 -4.216011 -7.643871 7.253644 -8.227620 -3.392335 0.748705 -1.866549 4.411409 9.770627 7.411664 -4.658371 1.310985 -9.740526 -3.082569 -9.576781 -4.096259 -3.732171 1.310577 -9.727316 -3.156556 2.180559 -1.397999 2.003992 -8.690732 -8.240259 -2.692414 -0.093940 -5.013142 -9.619429 7.714720 8.269822 6.332841 -5.497717 -1.629244 7.028098 -1.416383 8.637224 9.449659 -3.598159 -7.910323 -0.687867 -5.240753 -2.584633 6.976928 -5.243362 -8.260967 4.131183 -5.962066 7.475170 -9.098130 1.564087 8.949594 8.136832 8.496362 -3.410041 -6.974267 -9.975834 -8.603890 4.940916 -1.125020 8.511508 -3.707069 6.378858 2.531323 7.303661 -8.693993 -2.530669 -9.114362 6.453249 9.646330 4.260227 -3.940250 -6.565441 -3.809003 -7.066704 530.174357 0.996269 -6.301747 -1.662949 9.004370 -1.804227 -2.469607 1.384524 0.634252 -9.146468 3.178768 9.198038 -3.007865 1.250940 6.798875 4.718830
-2.064607 -3.139755 -2.419591 -8.215558 7.542732 -3.764951 7.549129 -4.688806 -5.176889 9.819505 3.569605 2.591881 1.849614 1.742846 9.162861 8.239028 -6.164255 -4.634257 1.206210 -3.144834 -4.857725 7.675973 0.412076 -5.497237 -7.549364 3.509008 -1.123759 3.218614 -2.938849 -7.191719 9.775509 -6.318116 2.341276 6.390187 -9.068429 7.475748 4.887699 8.676987 -1.666086 8.257131 6.679373 4.048876 0.724925 -9.120921 6.316832 9.984184 9.358537 -8.255884 -7.772318 2.498008 3.066490 -4.844526 -4.206375 8.981055 6.347254 -7.193733 3.446214 -4.176647 -3.248496 9.215221 6.661843 2.164686 -9.033991 6.491993 -1.987322 4.624164 1.450660 6.537440 -8.309270 0.109078 -2.041841 -6.838675 0.922716 -5.492116 -5.241570 -3.597140 -2.591277 -7.290220 7.875788 5.207674 -3.953943 -5.181216 -1.656330 -4.417668 9.175780 508.717562 2.556633 6.353662 -0.817062 6.860275 4.533469 5.127252 2.375770 -3.591564 9.734697 0.967697 4.141632 3.480019 -6.131352 5.974568
8.071558 -1.537628 -0.093297 -0.832394 -7.581114 5.353934 -8.387937 7.221754 2.008190 8.354923 -8.611230 -8.243309 -5.195460 -2.761589 4.549039 -0.803359 8.145264 9.715138 -0.649941 8.836095 0.638501 5.114049 -1.367992 1.691215 3.983108 1.162907 6.738003 -1.160434 2.147428 7.360775 -8.111308 8.354131 2.966271 -0.486780 8.029582 6.755229 4.972602 0.799993 -3.269412 1.374893 -8.261872 -2.238658 -1.273803 -5.262420 4.790549 0.751630 -7.071435 -3.918160 -5.858404 4.554430 2.282690 -6.289025 -4.065603 3.071558 -5.630296 1.590622 -6.651614 -6.205723 0.773833 7.740626 -5.667798 9.778666 1.448973 7.039398 -6.024834 6.352871 3.545503 9.264966 4.604148 -2.975235 4.981158 -8.983161 -3.232388 8.376841 0.760011 -4.003554 -7.251380 1.543652 9.330269 6.912480 6.207224 -4.778784 -3.982510 -2.825363 -4.378566 7.805104 515.369911 9.962468 7.740288 -3.933101 -7.056849 3.167009 -5.132896 8.607654 9.871790 8.046191 -9.799517 6.005328 -7.679482 5.095475
9.282734 2.020561 -8.598829 8.695429 -7.424483 7.023621 -8.599377 6.964945 1.913397 9.560340 6.482234 3.629111 -0.033674 5.122247 6.028714 2.067253 -7.111888 -9.662416 7.051077 5.899850 -4.827391 8.034561 -8.260921 3.202840 9.453596 1.581051 -3.819780 9.196192 -1.493574 -9.299088 -7.842653 -3.029091 -3.341018 -6.137649 -6.848067 -4.614572 -8.777069 -0.321107 -7.055385 -3.579581 -4.088833 -8.740727 9.417843 -2.662603 1.523241 -7.323156 -4.267840 -5.330174 -9.753950 -8.666404 9.069539 -3.089816 -9.613011 8.195751 2.767831 9.665041 3.018001 -7.209119 -6.045226 6.291130 7.942749 -9.799004 8.092332 -0.292178 5.783454 2.917141 4.140499 4.664708 5.759522 -3.264467 7.963297 3.593752 2.799480 -6.309620 -7.767464 -2.942497 -0.595287 -6.045314 -3.762879 -7.651099 6.277569 -8.145955 1.920640 6.549391 -1.032431 -9.473685 8.000723 562.956437 -3.006680 5.895071 0.654026 -8.915271 -1.169545 8.566694 4.130735 3.245720 7.647046 -0.025882 -4.232947 -6.696963
5.258554 -4.019323 3.710170 7.162846 -4.309630 9.373239 -5.990318 3.367781 2.988779 -0.951674 -5.510757 -3.966667 6.360646 2.766393 -6.782911 -9.150691 -7.127510 -0.692366 -3.072893 6.778046 6.555140 6.959450 -7.356007 9.692101 8.631784 1.565707 -3.853897 1.710341 6.220484 -6.301720 -9.405566 2.532978 -4.806726 -5.003347 5.308394 -0.955159 -4.794853 -4.424318 9.721528 4.773585 4.205243 2.263639 -2.080496 5.062682 2.734601 -2.535078 -2.739057 7.689515 6.827584 -0.012483 -3.425927 8.219366 3.639266 -7.963992 9.490287 -1.911425 3.070149 8.357585 -5.136189 8.820469 -2.025854 2.419614 4.965286 9.138949 -8.843966 5.969772 -5.124605 0.642975 -4.512396 -8.656038 6.874914 1.647860 -4.355084 5.922968 -0.116874 -4.844060 7.779428 -6.427090 3.594623 -7.758514 -1.515688 -8.342579 2.762069 -9.590786 -2.885096 3.037797 7.688025 9.280367 516.469509 -2.003202 -6.632119 -4.747201 -3.529884 -6.815369 7.715879 -3.948570 6.223381 3.124422 4.154517 6.336375
-3.904674 -8.473566 -0.666578 -9.915352 -6.603136 5.762558 -1.648247 2.840346 -5.731731 4.853961 0.398982 -3.358529 -1.594931 -0.569894 4.720471 9.257067 -1.286960 -8.220368 1.598012 -2.061317 -8.706376 -6.010192 -5.834216 3.622164 -9.016330 -1.169834 5.986204 1.644018 0.162434 -4.042573 0.550698 6.983247 3.684157 0.347210 -6.993978 -3.876714 9.637619 0.776150 4.715684 -4.726179 -6.439664 1.245888 6.561236 6.650899 -1.271544 8.802572 -1.051966 -0.340973 -1.081969 1.651777 0.964063 -2.669345 -5.188777 -0.337065 -7.482549 -0.541838 1.098494 -7.198792 -5.635749 -8.389411 3.906629 -9.710410 8.603360 6.917797 5.311443 -9.435451 -7.261547 -4.210519 3.421293 3.576272 5.132136 1.525649 6.443375 2.669553 0.951753 6.864166 -1.307234 5.783242 -4.725282 -2.525522 0.381206 -8.405592 -4.744865 -7.065054 0.634648 3.700975 -8.783216 -0.107725 0.335698 438.492532 7.747489 -2.975772 -4.162177 -7.017103 -2.574811 6.295730 1.984217 9.445777 1.090783 -5.429513
8.564945 -6.533195 8.763544 4.726986 -7.376625 1.159827 -6.721752 -2.469620 3.376709 8.403292 -6.352078 0.076196 -8.262271 1.549530 -2.758628 -0.048794 -4.370737 7.787515 1.165676 3.069291 -1.511581 -9.484720 5.335218 9.767639 7.274449 2.621269 -4.240641 2.234891 5.331767 1.523933 -1.515869 5.575364 -0.113996 -0.564952 -4.667779 -2.468136 -7.916068 -1.261893 -8.391685 -8.575460 5.900466 -1.442900 7.234787 -5.877701 -6.130744 -7.288897 -0.257689 6.682789 3.494392 9.896156 -1.491514 -8.437271 -9.290787 -2.349683 1.043397 -3.649837 9.988934 9.971615 2.268173 -6.941171 8.346456 8.248038 -1.558266 -3.994753 -1.670914 7.569207 -9.890664 9.170841 3.282466 1.624643 -8.709495 5.588342 -4.832414 6.285126 9.569702 -4.369299 7.682671 1.408108 -9.778965 7.665965 -0.102847 -9.626804 2.719432 2.367944 -0.786016 -8.996701 5.885778 -9.528793 1.604180 9.029322 506.629881 3.494831 -7.417866 4.578098 0.085449 8.453489 2.342094 -0.604701 6.445036 6.677477
-7.992706 7.775482 6.749035 -5.911139 -9.904661 7.121942 1.084573 -4.763150 -4.753015 5.570859 7.678281 -3.931199 -8.914224 -5.894764 -4.810840 4.010131 9.814576 8.220493 2.377859 5.378736 8.080924 -3.980639 1.419632 -5.876593 -0.176925 -3.335436 -2.752758 -7.570434 7.163678 -4.133530 -7.084454 4.197449 -9.478697 3.809308 5.257948 -3.009737 -1.511618 2.699012 -5.105068 3.372491 8.779969 -3.103685 6.821850 5.843608 -5.756128 -1.775292 9.908510 -0.423002 2.895105 -0.540891 5.556145 -5.296353 9.867508 -6.463798 -6.412478 -1.444620 -5.871631 5.662446 -0.664676 9.801092 -5.788433 3.907217 9.064131 -4.927654 -5.608607 -2.117488 -9.831093 -7.118029 3.073586 -3.803277 -9.193340 -6.700495 9.653966 -9.197401 -5.221487 6.622711 1.686199 4.497974 -6.411232 1.000652 6.804007 -7.200494 1.647567 9.887534 -4.571860 2.064733 3.441733 -8.341481 -0.029786 8.087034 -4.623358 532.587831 3.894216 5.103461 8.178067 -5.773654 -6.558556 -4.911012 0.849047 0.953911
-0.869773 5.461867 5.687099 3.607068 4.024509 -9.601050 -7.160542 -7.625241 8.759018 -6.702359 -0.984632 -3.640574 -5.496907 -0.019981 5.538724 5.700151 7.131141 7.770277 2.704926 6.394311 -0.149080 -1.088202 -6.329566 -4.589616 -5.252967 -7.175336 -1.700006 -3.225274 6.885306 -9.103069 1.635944 -3.195995 -0.774471 1.535919 -2.707717 -7.257052 9.477242 2.768930 -7.145330 1.025117 -2.008116 6.558656 -8.078214 5.465856 -4.780380 -6.710793 8.141646 -1.309540 9.406723 -0.500790 3.436384 -5.275661 2.380137 -1.951532 -8.362341 0.729321 -3.744715 3.225755 0.260834 -9.252638 3.036245 -2.274027 -6.674046 -1.107438 -4.679175 -7.951228 -4.550324 5.079204 -9.769202 8.071883 0.640760 -0.008523 -6.217549 -3.969653 6.375545 3.143851 -5.769445 4.290019 0.491104 -7.771661 4.305464 -4.831452 5.204775 -9.806903 -3.319038 1.268452 7.280466 8.467494 -2.864276 2.530606 -0.366905 1.687316 472.374910 -2.177315 4.000902 5.080793 9.875935 0.604376 -9.411325 8.950030
1.164661 -9.944377 -1.779551 7.828185 -9.182662 -4.227113 0.231321 9.993925 1.796775 -8.137056 4.123484 -6.077522 7.122002 -5.792694 2.367334 -4.555016 3.593520 -4.817168 -9.016797 6.120911 -6.044941 8.938294 9.087244 -1.523604 4.205998 -3.835452 -3.150174 8.757986 -4.899646 6.969474 -8.704367 2.002692 -1.291961 4.808920 -5.289559 -9.757485 6.302405 0.946156 4.564862 -5.089759 4.317518 9.627568 2.002967 -4.603653 8.652438 3.313499 -5.052808 -2.760980 -3.149001 -3.918398 -9.778726 1.638830 -9.538552 -8.043666 -6.269851 -5.709129 3.046752 1.525807 -3.646876 7.939996 -6.521672 -8.043382 6.100728 -0.988598 0.683391 0.385532 9.710046 -9.414051 6.535618 6.269012 3.669166 0.564631 0.516656 3.026245 -0.558259 9.026765 -9.129060 9.035892 -0.418479 -3.512124 -6.495605 9.249764 -2.801371 -8.366936 9.938463 -5.836100 -0.272102 2.301811 -5.154670 -6.305053 -2.285516 2.988399 4.941406 518.140203 4.156913 3.855065 4.765327 5.468498 8.318183 -4.037551
-5.265171 -3.778574 6.380907 1.896471 1.894121 1.295598 -9.062407 -8.671685 -1.286841 9.929834 1.104156 -0.561807 0.096342 6.346913 1.338641 -0.368440 -3.193953 1.990501 -6.178807 2.108336 -2.624739 8.602606 3.919467 1.969133 -8.212630 -6.306315 5.486843 -6.242240 4.630723 4.706361 8.289797 -5.863089 -2.329414 -2.282068 -2.841624 8.314036 -8.941188 0.725406 2.912813 7.758478 1.704250 -6.951581 4.173890 -9.371989 -4.848438 5.121820 6.692196 9.237176 7.548120 5.661701 -6.565353 -2.827721 3.575929 4.872634 1.271676 8.843481 -7.797975 -9.649134 4.268085 -8.787498 2.549580 8.322403 6.919006 -9.250249 6.355789 -8.054579 2.756970 0.573819 1.757047 -8.870418 5.894246 -9.536277 -1.433917 -6.977823 -1.346440 -5.092375 9.016911 -3.983512 -0.552584 -9.454463 4.215200 6.478074 -7.508226 -5.197092 -3.950442 -4.204082 5.814956 3.740836 -2.639059 -4.435773 8.981318 7.525042 -5.255554 9.841430 514.868208 -0.826399 3.864561 2.957652 -8.565970 -9.602825
8.015191 0.014533 3.760368 -7.743238 9.783554 -7.435353 -1.926589 8.624318 1.639773 1.449086 6.467252 -2.003521 -3.628873 -1.092193 3.045138 8.330755 0.330380 5.820805 4.446827 5.312036 3.387535 -2.095475 1.000083 -5.998880 8.476068 3.390353 3.082634 -3.415211 -3.033407 -7.354578 3.076679 5.938861 -0.567992 -1.695907 8.254013 1.053636 5.166525 7.719903 2.153520 4.558358 9.021111 -8.362386 -7.579565 7.646571 7.572587 0.785370 -3.055802 8.224058 7.452892 -8.923032 -0.226928 -9.149700 -8.092684 3.746289 3.234427 -0.533043 -4.392984 6.002175 -0.811480 6.285654 -2.927505 6.468358 6.600041 -1.058000 -0.234886 -9.206247 2.991069 -9.001235 7.927182 9.735847 4.452329 -2.804157 -8.033019 8.660825 0.628172 -2.498442 6.715514 2.446501 2.381048 7.885604 3.791664 2.944709 2.853339 2.895377 -0.102371 -1.800321 -1.828259 0.931573 3.175098 0.034208 9.581619 4.435958 -5.773509 -9.533115 1.476196 465.876599 6.939102 -0.548771 7.388363 -5.096550
7.867463 8.857759 -7.570542 -0.938043 8.189010 -0.184047 5.754023 -1.337966 -0.292415 1.333866 -7.760392 -0.160449 -3.693097 -3.548029 -8.086646 3.966323 8.379465 0.317862 5.313505 -1.184318 -6.473165 -0.739198 1.321532 -0.247422 8.224602 4.324158 -0.372775 -9.749592 1.985566 -9.594096 -0.790625 4.374394 2.972054 9.085859 4.753602 -9.417106 0.217806 -4.974946 6.518473 -2.083516 -8.108980 7.980752 -9.413461 9.692792 -2.186865 -6.518090 -1.182536 6.835275 -7.710977 7.488406 2.709634 -6.379969 -7.100879 -7.846668 8.932577 -6.274150 1.831420 -1.379544 3.061107 7.551243 9.167910 5.532745 8.063155 -9.208913 -0.334974 -8.267016 0.083565 5.887172 7.474920 1.133492 -9.541700 9.300482 3.372598 4.415307 3.807612 -8.094274 -6.065879 9.909137 -1.308104 -6.446809 -5.861763 0.643560 0.180302 -0.671404 8.800304 6.347534 5.919782 6.413515 -8.760036 -8.257794 -9.678872 -7.449682 -6.600759 -8.088800 4.525571 8.246575 521.860942 -0.983686 3.438229 1.849014
-1.236920 -0.666075 5.055793 9.922086 3.440412 3.770887 1.077774 -2.167854 1.663507 -2.860422 3.801207 -2.878086 -1.440850 -9.338779 8.937424 5.938289 3.264094 -1.466437 3.342103 6.934757 -5.778956 -1.189146 5.832510 -9.324966 6.279908 -0.733418 8.493382 7.831631 -7.922289 3.277313 4.525151 -5.394155 7.415635 3.484443 -7.094104 0.398191 8.409808 7.016679 -5.549286 7.880667 -1.096581 5.144185 -5.015485 -9.519105 -1.708774 9.758744 1.731512 4.313446 2.322741 8.548188 4.641089 5.199231 4.119676 5.587325 8.807354 -9.748863 3.531533 -9.261229 -1.588980 2.123603 1.359910 4.677513 5.704770 -4.119786 -5.656478 -9.221838 7.058801 3.887173 5.101455 -1.296665 4.425851 1.316601 5.313522 0.774102 -8.368980 -9.695392 2.786696 -0.677108 -4.491643 -4.607000 -0.097931 -9.160887 7.036500 -4.701981 -2.475015 -7.773997 2.005088 -7.430693 -2.996008 6.058579 -0.907440 1.904391 -3.943592 6.850497 -2.825177 -0.818562 -7.930926 484.492859 3.767287 8.638596
2.733898 -6.161062 -9.516769 -3.196635 -3.054396 4.911299 9.594680 -4.221409 4.463060 4.388167 -8.842533 2.652331 6.777110 -7.079018 9.969314 4.503239 -6.989888 4.400907 -7.920392 -9.247008 5.552908 8.230543 9.823037 -4.766015 -5.136792 -9.376695 0.358152 0.391830 8.588870 0.655950 -8.314326 -4.262860 6.971721 9.287851 -6.271081 3.511587 -0.304160 1.862057 5.954225 0.571700 9.103403 -0.656424 -5.443264 -9.420265 5.709945 -5.162659 4.757377 6.282825 0.175630 -3.644616 4.596656 9.932555 -6.432551 -1.137762 -0.360315 3.198479 8.989650 8.697582 -2.047823 -4.935945 6.057146 0.318304 4.582261 -7.617143 -3.974122 5.826251 -1.337191 -7.646906 -4.227154 7.652199 6.316874 4.062358 -3.458306 -0.778580 5.538940 -2.296449 9.255325 6.264262 -5.499666 -7.740242 6.502206 9.167780 -4.539053 6.142026 -7.366479 2.633118 2.839092 2.988254 -8.093247 2.790396 7.230895 2.804615 -5.958391 4.097745 8.904271 -0.286340 -7.169163 8.449851 527.673099 5.378096
-6.585137 -7.819310 8.232864 -3.916072 -0.798759 8.891879 -7.797406 -5.687877 -3.660464 -4.431681 6.975637 -6.606065 -8.948308 5.616330 -6.364201 -5.966920 3.363768 -7.033552 3.685780 8.704858 -1.826202 -1.273090 -5.916775 -9.114867 -7.308414 5.951136 0.154899 -7.280401 5.648166 -7.768747 2.176885 8.980557 -9.317152 8.358562 -5.922192 -4.735380 -3.239714 -7.457466 -5.898944 -6.950493 -8.357016 3.031693 7.928172 -8.859218 7.976835 -1.446146 8.107091 0.143728 8.670770 -0.503564 -7.020066 -8.345258 -3.205608 8.502857 8.817889 1.213881 -9.574280 1.148225 1.435923 9.436086 3.173692 8.159548 -8.642551 -6.312690 -7.869858 -0.557145 9.178845 2.598351 -4.598270 -1.634397 9.015450 4.522036 -1.629464 -0.500893 -4.785562 -9.498711 -5.406116 6.407641 5.321063 -2.856278 5.680207 -1.549792 0.459028 -2.295995 -0.936248 8.723797 -1.466258 4.471409 9.105561 3.376552 -0.573259 -0.626835 -7.175098 -1.298142 9.399453 2.167522 -1.042072 7.570577 5.489821 530.462479
