1283.723329
951.546022
1438.370308
1274.987248
1012.424062
988.363622
1208.601153
912.394123
930.281835
983.095854
1300.646016
1078.681129
988.422077
1180.379860
1453.034142
1050.485200
1150.832260
1509.355247
1294.077814
1052.816098
1464.699415
1188.682822
1180.801655
1361.532925
1106.100920
1253.711166
1437.808014
1456.649728
1304.394264
922.698743
1001.027390
1236.245223
1423.852612
1106.851604
1195.121258
1585.219722
1268.452618
1213.466146
1076.063279
1630.425734
1092.676904
1227.110994
1336.203979
1390.293405
1491.698215
1132.001409
1150.395498
1197.268420
1176.330665
1092.317387
957.757817
1479.727311
1299.859476
1478.235766
1292.555270
1545.625543
1193.542505
1264.056225
977.724697
1676.038134
1106.902844
1299.640902
1039.820116
1304.502471
1341.894747
1476.402995
1339.901620
1184.078479
1004.124417
1451.944434
1339.025657
1444.302331
1159.604431
1213.632517
1361.952914
1061.365907
1399.408474
1215.050691
1210.679234
1335.566459
1332.844528
1550.806873
1088.221493
1271.280694
1167.930491
1454.973504
1505.480705
1360.153697
1426.527772
958.121317
1377.275383
1308.378357
1102.960110
1292.275417
1273.881882
1509.801013
1343.232460
1387.011524
1522.957013
1250.612807
